1.000000e-04 7.294801e+01
1.023290e-04 7.683086e+01
1.047130e-04 8.097082e+01
1.071520e-04 8.568129e+01
1.096480e-04 8.994188e+01
1.122020e-04 9.472895e+01
1.148150e-04 9.992587e+01
1.174900e-04 1.054008e+02
1.202260e-04 1.114563e+02
1.230270e-04 1.175946e+02
1.258930e-04 1.236892e+02
1.288250e-04 1.301060e+02
1.318260e-04 1.364375e+02
1.348960e-04 1.439356e+02
1.380380e-04 1.516880e+02
1.412540e-04 1.601630e+02
1.445440e-04 1.690925e+02
1.479110e-04 1.771852e+02
1.513560e-04 1.871265e+02
1.548820e-04 1.966116e+02
1.584890e-04 2.069862e+02
1.621810e-04 2.175670e+02
1.659590e-04 2.290832e+02
1.698240e-04 2.404326e+02
1.735260e-04 2.438875e+02
1.736470e-04 2.511933e+02
1.737690e-04 2.554773e+02
1.737800e-04 2.558094e+02
1.738910e-04 2.608862e+02
1.739150e-04 2.628290e+02
1.739390e-04 2.676056e+02
1.739640e-04 2.736975e+02
1.739880e-04 2.802402e+02
1.740130e-04 2.881239e+02
1.740370e-04 2.947154e+02
1.740610e-04 2.967439e+02
1.740860e-04 2.891382e+02
1.741100e-04 2.782609e+02
1.741350e-04 2.658545e+02
1.741590e-04 2.544543e+02
1.741840e-04 2.410922e+02
1.742080e-04 2.291242e+02
1.742570e-04 1.902970e+02
1.743800e-04 1.592188e+02
1.746250e-04 1.590048e+02
1.778280e-04 1.729299e+02
1.819700e-04 1.831826e+02
1.862090e-04 1.937388e+02
1.905460e-04 2.050420e+02
1.949840e-04 2.169373e+02
1.995260e-04 2.287262e+02
2.041740e-04 2.405463e+02
2.089300e-04 2.531592e+02
2.137960e-04 2.671940e+02
2.187760e-04 2.819564e+02
2.238720e-04 2.967206e+02
2.290870e-04 3.120256e+02
2.344230e-04 3.282395e+02
2.398830e-04 3.454969e+02
2.454710e-04 3.632505e+02
2.511890e-04 3.814199e+02
2.570400e-04 4.011194e+02
2.630270e-04 4.234035e+02
2.691530e-04 4.465913e+02
2.754230e-04 4.703344e+02
2.818380e-04 4.948380e+02
2.884030e-04 5.212654e+02
2.951210e-04 5.497745e+02
3.019950e-04 5.797945e+02
3.090300e-04 6.106793e+02
3.162280e-04 6.419960e+02
3.235940e-04 6.757114e+02
3.311310e-04 7.128842e+02
3.388440e-04 7.517753e+02
3.467370e-04 7.935546e+02
3.548130e-04 8.360656e+02
3.630780e-04 8.822250e+02
3.715350e-04 9.310028e+02
3.801890e-04 9.803209e+02
3.890450e-04 1.030829e+03
3.981070e-04 1.081089e+03
4.073800e-04 1.131887e+03
4.168690e-04 1.185851e+03
4.265800e-04 1.249498e+03
4.365160e-04 1.314221e+03
4.466840e-04 1.380551e+03
4.570880e-04 1.451084e+03
4.677350e-04 1.525563e+03
4.786300e-04 1.602121e+03
4.897790e-04 1.681378e+03
5.011870e-04 1.765567e+03
5.128610e-04 1.857218e+03
5.248070e-04 1.950704e+03
5.370320e-04 2.049303e+03
5.495410e-04 2.152235e+03
5.623410e-04 2.256883e+03
5.754400e-04 2.366792e+03
5.888440e-04 2.479645e+03
6.025600e-04 2.592051e+03
6.165950e-04 2.704918e+03
6.309570e-04 2.827898e+03
6.456540e-04 2.951821e+03
6.606930e-04 3.108856e+03
6.630200e-04 3.165106e+03
6.640800e-04 3.251221e+03
6.647900e-04 3.308383e+03
6.658600e-04 3.241158e+03
6.665800e-04 3.181420e+03
6.676600e-04 3.208259e+03
6.683800e-04 3.307019e+03
6.691000e-04 3.321591e+03
6.694600e-04 3.241584e+03
6.698200e-04 3.200603e+03
6.701800e-04 3.219828e+03
6.705500e-04 3.273591e+03
6.709100e-04 3.338327e+03
6.712700e-04 3.531024e+03
6.714500e-04 3.638710e+03
6.716400e-04 3.750000e+03
6.717100e-04 3.782889e+03
6.717800e-04 3.788089e+03
6.718500e-04 3.747832e+03
6.719300e-04 3.648340e+03
6.720000e-04 3.497297e+03
6.721800e-04 3.094206e+03
6.727300e-04 2.737694e+03
6.727300e-04 2.737694e+03
6.730900e-04 2.740828e+03
6.734600e-04 2.765855e+03
6.738300e-04 2.769572e+03
6.760830e-04 2.788536e+03
6.918310e-04 3.027499e+03
7.079460e-04 3.200528e+03
7.244360e-04 3.370904e+03
7.413100e-04 3.541342e+03
7.585780e-04 3.718114e+03
7.762470e-04 3.894415e+03
7.943280e-04 4.081272e+03
8.128300e-04 4.269663e+03
8.317640e-04 4.462830e+03
8.511380e-04 4.661783e+03
8.709640e-04 4.866104e+03
8.912510e-04 5.071463e+03
9.120110e-04 5.285950e+03
9.322100e-04 5.799008e+03
9.332540e-04 5.729391e+03
9.350200e-04 5.683283e+03
9.364400e-04 5.565933e+03
9.366100e-04 5.575596e+03
9.378500e-04 5.668889e+03
9.392700e-04 5.812554e+03
9.399800e-04 5.855553e+03
9.407000e-04 5.806586e+03
9.414100e-04 5.686732e+03
9.421300e-04 5.642903e+03
9.428400e-04 5.684370e+03
9.435600e-04 5.750971e+03
9.442800e-04 5.872606e+03
9.450000e-04 6.197749e+03
9.453600e-04 6.341975e+03
9.457200e-04 6.398696e+03
9.458700e-04 6.410895e+03
9.460100e-04 6.392807e+03
9.461500e-04 6.317829e+03
9.464400e-04 5.938462e+03
9.468000e-04 5.328552e+03
9.471700e-04 5.047561e+03
9.478900e-04 4.938299e+03
9.486200e-04 4.947151e+03
9.493400e-04 4.996498e+03
9.500700e-04 5.010691e+03
9.549930e-04 5.092937e+03
9.772370e-04 5.468750e+03
1.000000e-03 5.789740e+03
1.023290e-03 6.071787e+03
1.047130e-03 6.341706e+03
1.071520e-03 6.622321e+03
1.096480e-03 6.908071e+03
1.122020e-03 7.199035e+03
1.148150e-03 7.497017e+03
1.174900e-03 7.797170e+03
1.202260e-03 8.100676e+03
1.230270e-03 8.404696e+03
1.258930e-03 8.713051e+03
1.288250e-03 9.025814e+03
1.318260e-03 9.323725e+03
1.348960e-03 9.647162e+03
1.380380e-03 9.954751e+03
1.412540e-03 1.023952e+04
1.445440e-03 1.061708e+04
1.479110e-03 1.064707e+04
1.513560e-03 1.101652e+04
1.548820e-03 1.133182e+04
1.584890e-03 1.156135e+04
1.621810e-03 1.181285e+04
1.659590e-03 1.206089e+04
1.698240e-03 1.235704e+04
1.698400e-03 1.235904e+04
1.703100e-03 1.242116e+04
1.707800e-03 1.255931e+04
1.710100e-03 1.275126e+04
1.712500e-03 1.307783e+04
1.714900e-03 1.319108e+04
1.716000e-03 1.327050e+04
1.717200e-03 1.357225e+04
1.718400e-03 1.395245e+04
1.719100e-03 1.413694e+04
1.719600e-03 1.420645e+04
1.720100e-03 1.417271e+04
1.720600e-03 1.401428e+04
1.721000e-03 1.380495e+04
1.721500e-03 1.345607e+04
1.722000e-03 1.304050e+04
1.723200e-03 1.205847e+04
1.724400e-03 1.142548e+04
1.726800e-03 1.138192e+04
1.729200e-03 1.166800e+04
1.731600e-03 1.186737e+04
1.734000e-03 1.205033e+04
1.736500e-03 1.228170e+04
1.737800e-03 1.245964e+04
1.738900e-03 1.265350e+04
1.741300e-03 1.351554e+04
1.742600e-03 1.414077e+04
1.743800e-03 1.459693e+04
1.745000e-03 1.479119e+04
1.746300e-03 1.496049e+04
1.746700e-03 1.511709e+04
1.747200e-03 1.540410e+04
1.747700e-03 1.579380e+04
1.748200e-03 1.629090e+04
1.748700e-03 1.687386e+04
1.749200e-03 1.742802e+04
1.749700e-03 1.787530e+04
1.750200e-03 1.820265e+04
1.750700e-03 1.840102e+04
1.751200e-03 1.839951e+04
1.751700e-03 1.814608e+04
1.752200e-03 1.760689e+04
1.752700e-03 1.677137e+04
1.753200e-03 1.565831e+04
1.753700e-03 1.446693e+04
1.754200e-03 1.314500e+04
1.754700e-03 1.186474e+04
1.755200e-03 1.072294e+04
1.755600e-03 9.969649e+03
1.756100e-03 9.232140e+03
1.757400e-03 8.523786e+03
1.758600e-03 8.671834e+03
1.761100e-03 9.226383e+03
1.763600e-03 9.587852e+03
1.766200e-03 9.848393e+03
1.768700e-03 1.004525e+04
1.771200e-03 1.020213e+04
1.778280e-03 1.053407e+04
1.819700e-03 1.153760e+04
1.862090e-03 1.216941e+04
1.905460e-03 1.270787e+04
1.949840e-03 1.319358e+04
1.995260e-03 1.365563e+04
2.041740e-03 1.410122e+04
2.089300e-03 1.452842e+04
2.137960e-03 1.496810e+04
2.187760e-03 1.569679e+04
2.214000e-03 1.670815e+04
2.218000e-03 1.696379e+04
2.221900e-03 1.715540e+04
2.225900e-03 1.711830e+04
2.227500e-03 1.702322e+04
2.233900e-03 1.646930e+04
2.238000e-03 1.639825e+04
2.238720e-03 1.637734e+04
2.242000e-03 1.620169e+04
2.246100e-03 1.563440e+04
2.250200e-03 1.558784e+04
2.254300e-03 1.594595e+04
2.258400e-03 1.628818e+04
2.262500e-03 1.677226e+04
2.266600e-03 1.700219e+04
2.270800e-03 1.716652e+04
2.272900e-03 1.705528e+04
2.274900e-03 1.661707e+04
2.279100e-03 1.591816e+04
2.283300e-03 1.574100e+04
2.287500e-03 1.602703e+04
2.290870e-03 1.628633e+04
2.291800e-03 1.638598e+04
2.299600e-03 1.868398e+04
2.300300e-03 1.895492e+04
2.302400e-03 1.952172e+04
2.304500e-03 2.000000e+04
2.305400e-03 1.991177e+04
2.306300e-03 1.971663e+04
2.307100e-03 1.922116e+04
2.308800e-03 1.709867e+04
2.311000e-03 1.338717e+04
2.313100e-03 1.179128e+04
2.317500e-03 1.042217e+04
2.321800e-03 1.045397e+04
2.326200e-03 1.080268e+04
2.330500e-03 1.092623e+04
2.334900e-03 1.121874e+04
2.339300e-03 1.146128e+04
2.344230e-03 1.154785e+04
2.348200e-03 1.138863e+04
2.361600e-03 1.207067e+04
2.384300e-03 1.281893e+04
2.398830e-03 1.314323e+04
2.454710e-03 1.424381e+04
2.511890e-03 1.513654e+04
2.570400e-03 1.589266e+04
2.630270e-03 1.659023e+04
2.691530e-03 1.726187e+04
2.754230e-03 1.790792e+04
2.818380e-03 1.853717e+04
2.884030e-03 1.916206e+04
2.951210e-03 1.976569e+04
3.019950e-03 2.035485e+04
3.090300e-03 2.093448e+04
3.162280e-03 2.152054e+04
3.235940e-03 2.208889e+04
3.311310e-03 2.265515e+04
3.388440e-03 2.321985e+04
3.467370e-03 2.376682e+04
3.548130e-03 2.430297e+04
3.630780e-03 2.483989e+04
3.715350e-03 2.535529e+04
3.801890e-03 2.589704e+04
3.890450e-03 2.669871e+04
3.981070e-03 2.826446e+04
4.051800e-03 2.820513e+04
4.073800e-03 2.805100e+04
4.078400e-03 2.803076e+04
4.105400e-03 2.736043e+04
4.132800e-03 2.735751e+04
4.146600e-03 2.777206e+04
4.160500e-03 2.807519e+04
4.168690e-03 2.822186e+04
4.174500e-03 2.839431e+04
4.188600e-03 2.923628e+04
4.202800e-03 2.946499e+04
4.217100e-03 2.967805e+04
4.231500e-03 2.979837e+04
4.246000e-03 2.962963e+04
4.253300e-03 2.872404e+04
4.257700e-03 2.676664e+04
4.260600e-03 2.596294e+04
4.265790e-03 2.600291e+04
4.268000e-03 2.608063e+04
4.275300e-03 2.640531e+04
4.290100e-03 2.737852e+04
4.305000e-03 2.798304e+04
4.320000e-03 2.874875e+04
4.327500e-03 3.003534e+04
4.335100e-03 3.231002e+04
4.338100e-03 3.500723e+04
4.341200e-03 3.659567e+04
4.344200e-03 3.733426e+04
4.347300e-03 3.663121e+04
4.350300e-03 3.555920e+04
4.358000e-03 3.158335e+04
4.365160e-03 2.692440e+04
4.365600e-03 2.670172e+04
4.373300e-03 2.426437e+04
4.381100e-03 2.293322e+04
4.396600e-03 2.152271e+04
4.412200e-03 2.106057e+04
4.428000e-03 2.088754e+04
4.466840e-03 2.106703e+04
4.570880e-03 2.218614e+04
4.677350e-03 2.316279e+04
4.786300e-03 2.403532e+04
4.897790e-03 2.476018e+04
5.011870e-03 2.544562e+04
5.128610e-03 2.607244e+04
5.248070e-03 2.667007e+04
5.370320e-03 2.721759e+04
5.495410e-03 2.772773e+04
5.623410e-03 2.821402e+04
5.754400e-03 2.872210e+04
5.888440e-03 2.920612e+04
6.025600e-03 2.964209e+04
6.165950e-03 3.009270e+04
6.309570e-03 3.053399e+04
6.456540e-03 3.098067e+04
6.606930e-03 3.139562e+04
6.760830e-03 3.184932e+04
6.918310e-03 3.228720e+04
7.079460e-03 3.274061e+04
7.244360e-03 3.305458e+04
7.413100e-03 3.346483e+04
7.585780e-03 3.388626e+04
7.762470e-03 3.422012e+04
7.943280e-03 3.486526e+04
7.957900e-03 3.483683e+04
7.968100e-03 3.479072e+04
7.978400e-03 3.471878e+04
8.128300e-03 3.460076e+04
8.317640e-03 3.508846e+04
8.511380e-03 3.547644e+04
8.709640e-03 3.589850e+04
8.912510e-03 3.631851e+04
9.120110e-03 3.676955e+04
9.332540e-03 3.730856e+04
9.549930e-03 3.793452e+04
9.772370e-03 3.873784e+04
1.000000e-02 3.895102e+04
1.023290e-02 3.881970e+04
1.047130e-02 3.902109e+04
1.071520e-02 4.013372e+04
1.096480e-02 4.045900e+04
1.122020e-02 4.017524e+04
1.148150e-02 4.132463e+04
1.169670e-02 4.389642e+04
1.171900e-02 4.387648e+04
1.174100e-02 4.375324e+04
1.174900e-02 4.352698e+04
1.176300e-02 4.312210e+04
1.180800e-02 4.176461e+04
1.192200e-02 3.826926e+04
1.202260e-02 3.786219e+04
1.230270e-02 3.859012e+04
1.239850e-02 3.872558e+04
1.258930e-02 3.919589e+04
1.288250e-02 3.967641e+04
1.318260e-02 4.050494e+04
1.348960e-02 4.032553e+04
1.380380e-02 4.088824e+04
1.412540e-02 4.144243e+04
1.445440e-02 4.197193e+04
1.479110e-02 4.244513e+04
1.513560e-02 4.293449e+04
1.548820e-02 4.341350e+04
1.584890e-02 4.386936e+04
1.621810e-02 4.434582e+04
1.659590e-02 4.488426e+04
1.698240e-02 4.534640e+04
1.737800e-02 4.574765e+04
1.778280e-02 4.615252e+04
1.819700e-02 4.640387e+04
1.862090e-02 4.714803e+04
1.905460e-02 4.793911e+04
1.949840e-02 4.865414e+04
1.995260e-02 4.908939e+04
2.041740e-02 4.902581e+04
2.089300e-02 4.946738e+04
2.137960e-02 5.018254e+04
2.187760e-02 5.126803e+04
2.238720e-02 5.338432e+04
2.279000e-02 5.400095e+04
2.290870e-02 5.347703e+04
2.344230e-02 5.066309e+04
2.398830e-02 5.078834e+04
2.454710e-02 5.155776e+04
2.511890e-02 5.236195e+04
2.570400e-02 5.316879e+04
2.630270e-02 5.403648e+04
2.691530e-02 5.487689e+04
2.754230e-02 5.562186e+04
2.818380e-02 5.647685e+04
2.884030e-02 5.740741e+04
2.951210e-02 5.837202e+04
3.019950e-02 5.932933e+04
3.090300e-02 6.030581e+04
3.162280e-02 6.129768e+04
3.235940e-02 6.228865e+04
3.311310e-02 6.331183e+04
3.388440e-02 6.439293e+04
3.467370e-02 6.421037e+04
3.548130e-02 6.273770e+04
3.630780e-02 6.354293e+04
3.715350e-02 6.447964e+04
3.801890e-02 6.535220e+04
3.890450e-02 6.629112e+04
3.981070e-02 6.735581e+04
4.073800e-02 6.848476e+04
4.168690e-02 6.973449e+04
4.265800e-02 7.142007e+04
4.365160e-02 7.363382e+04
4.466840e-02 7.577703e+04
4.570880e-02 7.768284e+04
4.677350e-02 7.989957e+04
4.786300e-02 8.225096e+04
4.881000e-02 8.414221e+04
4.897790e-02 8.448640e+04
5.011870e-02 8.678217e+04
5.128610e-02 8.925998e+04
5.248070e-02 9.184543e+04
5.370320e-02 9.460898e+04
5.495410e-02 9.765583e+04
5.623410e-02 1.009424e+05
5.754400e-02 1.043391e+05
5.888440e-02 1.143007e+05
6.025600e-02 1.235332e+05
6.165950e-02 1.327411e+05
6.309570e-02 1.419072e+05
6.456540e-02 1.509879e+05
6.606930e-02 1.601331e+05
6.760830e-02 1.686865e+05
6.918310e-02 1.777643e+05
7.079460e-02 1.848719e+05
7.244360e-02 1.868357e+05
7.413100e-02 1.827461e+05
7.585780e-02 1.743243e+05
7.762470e-02 1.646546e+05
7.943280e-02 1.549899e+05
8.128310e-02 1.467364e+05
8.317640e-02 1.398583e+05
8.511380e-02 1.343981e+05
8.709640e-02 1.299908e+05
8.912510e-02 1.265894e+05
9.120000e-02 1.245943e+05
9.120110e-02 1.245943e+05
9.332540e-02 1.219178e+05
9.549930e-02 1.191463e+05
9.772370e-02 1.161978e+05
1.000000e-01 1.131051e+05
1.023290e-01 1.098556e+05
1.047130e-01 1.061860e+05
1.071520e-01 1.025057e+05
1.096480e-01 9.890188e+04
1.100000e-01 9.842969e+04
1.122020e-01 9.567529e+04
1.148150e-01 9.264834e+04
1.174900e-01 8.983496e+04
1.202260e-01 8.715339e+04
1.215000e-01 8.596829e+04
1.230270e-01 8.460507e+04
1.258930e-01 8.217136e+04
1.288250e-01 7.987527e+04
1.318260e-01 7.754726e+04
1.348960e-01 7.570036e+04
1.380380e-01 7.400716e+04
1.412540e-01 7.247376e+04
1.445440e-01 7.103601e+04
1.479110e-01 6.955967e+04
1.513560e-01 6.817374e+04
1.548820e-01 6.697233e+04
1.584890e-01 6.596841e+04
1.621810e-01 6.520636e+04
1.659590e-01 6.475254e+04
1.698240e-01 6.460862e+04
1.737800e-01 6.474175e+04
1.778280e-01 6.516259e+04
1.819700e-01 6.592510e+04
1.862090e-01 6.712175e+04
1.905460e-01 6.880614e+04
1.949840e-01 7.110740e+04
1.995260e-01 7.403477e+04
2.041740e-01 7.739738e+04
2.089300e-01 8.063213e+04
2.125000e-01 8.244394e+04
2.137960e-01 8.285913e+04
2.150000e-01 8.313107e+04
2.175000e-01 8.326963e+04
2.187760e-01 8.305173e+04
2.200000e-01 8.270979e+04
2.225000e-01 8.156454e+04
2.238720e-01 8.074324e+04
2.290870e-01 7.698952e+04
2.344230e-01 7.275512e+04
2.398830e-01 6.868384e+04
2.454710e-01 6.470344e+04
2.511890e-01 6.207487e+04
2.570400e-01 5.960440e+04
2.630270e-01 5.759268e+04
2.691530e-01 5.582403e+04
2.754230e-01 5.431154e+04
2.818380e-01 5.302108e+04
2.884030e-01 5.190083e+04
2.951210e-01 5.090390e+04
3.019950e-01 4.998803e+04
3.090300e-01 4.895934e+04
3.162280e-01 4.793044e+04
3.235940e-01 4.691450e+04
3.311310e-01 4.589917e+04
3.388440e-01 4.493526e+04
3.467370e-01 4.397327e+04
3.500000e-01 4.356921e+04
3.548130e-01 4.301691e+04
3.550000e-01 4.297607e+04
3.630780e-01 4.206370e+04
3.635000e-01 4.200685e+04
3.715350e-01 4.112946e+04
3.801890e-01 4.017785e+04
3.890450e-01 3.924775e+04
3.981070e-01 3.833012e+04
4.073800e-01 3.740947e+04
4.100000e-01 3.715084e+04
4.168690e-01 3.647622e+04
4.265800e-01 3.555998e+04
4.365160e-01 3.467279e+04
4.405000e-01 3.431288e+04
4.466840e-01 3.377752e+04
4.570880e-01 3.287551e+04
4.677350e-01 3.197760e+04
4.685000e-01 3.193748e+04
4.700000e-01 3.178867e+04
4.786300e-01 3.109593e+04
4.861000e-01 3.050746e+04
4.897790e-01 3.022142e+04
5.011870e-01 2.935863e+04
5.128610e-01 2.850136e+04
5.248070e-01 2.766352e+04
5.370320e-01 2.683568e+04
5.470000e-01 2.618989e+04
5.495410e-01 2.602819e+04
5.550000e-01 2.568272e+04
5.623410e-01 2.523356e+04
5.754400e-01 2.445197e+04
5.888440e-01 2.368989e+04
6.025600e-01 2.294880e+04
6.165000e-01 2.222256e+04
6.165950e-01 2.221640e+04
6.309570e-01 2.150909e+04
6.415000e-01 2.100246e+04
6.456540e-01 2.081463e+04
6.492000e-01 2.065131e+04
6.562000e-01 2.033446e+04
6.606930e-01 2.013182e+04
6.760830e-01 1.947127e+04
6.918310e-01 1.882801e+04
7.079460e-01 1.820055e+04
7.244360e-01 1.759265e+04
7.413100e-01 1.700000e+04
7.480000e-01 1.676918e+04
7.585780e-01 1.642475e+04
7.762470e-01 1.586360e+04
7.943280e-01 1.531790e+04
8.020000e-01 1.509930e+04
8.128310e-01 1.478931e+04
8.317640e-01 1.427666e+04
8.511380e-01 1.377892e+04
8.655000e-01 1.342411e+04
8.709640e-01 1.329655e+04
8.912510e-01 1.282432e+04
8.930000e-01 1.278198e+04
9.120110e-01 1.236828e+04
9.332540e-01 1.192318e+04
9.549930e-01 1.149254e+04
9.772370e-01 1.107354e+04
1.000000e+00 1.067428e+04
1.023290e+00 1.028346e+04
1.047130e+00 9.909162e+03
1.071520e+00 9.548371e+03
1.096480e+00 9.200913e+03
1.122020e+00 8.866316e+03
1.148150e+00 8.546627e+03
1.174900e+00 8.239333e+03
1.202260e+00 7.943744e+03
1.220000e+00 7.761194e+03
1.230270e+00 7.660034e+03
1.258930e+00 7.385636e+03
1.281800e+00 7.180451e+03
1.288250e+00 7.122100e+03
1.318260e+00 6.870654e+03
1.348960e+00 6.626175e+03
1.380380e+00 6.390211e+03
1.412540e+00 6.160394e+03
1.445440e+00 5.938884e+03
1.479110e+00 5.726795e+03
1.513560e+00 5.519256e+03
1.548820e+00 5.320787e+03
1.584890e+00 5.126796e+03
1.621810e+00 4.940464e+03
1.630000e+00 4.897917e+03
1.659590e+00 4.758464e+03
1.698240e+00 4.582738e+03
1.737800e+00 4.411290e+03
1.778280e+00 4.245020e+03
1.819700e+00 4.085810e+03
1.862090e+00 3.931557e+03
1.875000e+00 3.886091e+03
1.905460e+00 3.782174e+03
1.949840e+00 3.636881e+03
1.995260e+00 3.498876e+03
2.041740e+00 3.363569e+03
2.089300e+00 3.230938e+03
2.121800e+00 3.146536e+03
2.137960e+00 3.104569e+03
2.165600e+00 3.036771e+03
2.187760e+00 2.982519e+03
2.190000e+00 2.977358e+03
2.238720e+00 2.864189e+03
2.290870e+00 2.748782e+03
2.344230e+00 2.638722e+03
2.398830e+00 2.530958e+03
2.454710e+00 2.427136e+03
2.511890e+00 2.327158e+03
2.570400e+00 2.231297e+03
2.625200e+00 2.145971e+03
2.630270e+00 2.138710e+03
2.691530e+00 2.048423e+03
2.754230e+00 1.961309e+03
2.818380e+00 1.879174e+03
2.884030e+00 1.798804e+03
2.951210e+00 1.721945e+03
3.019950e+00 1.647974e+03
3.090300e+00 1.577082e+03
3.162280e+00 1.509406e+03
3.235940e+00 1.445436e+03
3.311310e+00 1.394077e+03
3.388440e+00 1.321484e+03
3.450000e+00 1.275334e+03
3.467370e+00 1.262807e+03
3.548130e+00 1.207436e+03
3.630780e+00 1.154284e+03
3.715350e+00 1.103578e+03
3.800000e+00 1.056174e+03
3.801890e+00 1.055099e+03
3.890450e+00 1.008904e+03
3.981070e+00 9.649100e+02
4.051200e+00 9.327170e+02
4.073800e+00 9.226533e+02
4.168690e+00 8.824424e+02
4.265800e+00 8.439459e+02
4.365160e+00 8.073440e+02
4.466840e+00 7.725654e+02
4.570880e+00 7.396960e+02
4.677350e+00 7.086093e+02
4.750000e+00 6.887187e+02
4.786300e+00 6.791890e+02
4.897790e+00 6.516602e+02
5.011870e+00 6.256440e+02
5.128610e+00 6.011608e+02
5.248070e+00 5.785476e+02
5.370320e+00 5.576352e+02
5.495410e+00 5.384877e+02
5.623410e+00 5.212802e+02
5.754400e+00 5.068508e+02
5.888440e+00 4.969068e+02
6.025600e+00 4.981405e+02
6.165950e+00 5.193991e+02
6.250000e+00 5.088362e+02
6.309570e+00 4.881992e+02
6.456540e+00 4.513074e+02
6.606930e+00 4.315722e+02
6.760830e+00 4.185600e+02
6.918310e+00 4.095733e+02
7.079460e+00 4.066294e+02
7.244360e+00 4.148746e+02
7.413100e+00 4.459825e+02
7.585780e+00 5.121247e+02
7.620000e+00 5.283816e+02
7.762470e+00 5.965577e+02
7.943280e+00 6.992359e+02
8.128310e+00 8.609956e+02
8.317640e+00 1.072727e+03
8.511380e+00 1.257938e+03
8.709640e+00 1.434034e+03
8.912510e+00 1.668509e+03
9.120110e+00 1.947987e+03
9.332540e+00 2.144506e+03
9.400000e+00 2.171383e+03
9.500000e+00 2.178188e+03
9.549930e+00 2.169944e+03
9.600000e+00 2.154896e+03
9.700000e+00 2.109751e+03
9.772370e+00 2.072425e+03
9.800000e+00 2.058381e+03
9.900000e+00 2.009229e+03
1.000000e+01 1.963892e+03
1.023290e+01 1.869421e+03
1.036000e+01 1.803229e+03
1.047130e+01 1.728011e+03
1.071520e+01 1.542628e+03
1.096480e+01 1.392177e+03
1.122020e+01 1.274824e+03
1.130000e+01 1.238592e+03
1.148150e+01 1.153345e+03
1.174900e+01 1.038114e+03
1.202260e+01 9.304915e+02
1.230270e+01 8.348044e+02
1.258930e+01 7.542628e+02
1.288250e+01 6.757272e+02
1.318260e+01 6.099298e+02
1.348960e+01 5.525577e+02
1.380380e+01 5.083743e+02
1.412540e+01 4.894214e+02
1.445440e+01 4.953889e+02
1.479110e+01 5.177874e+02
1.513560e+01 5.445802e+02
1.548820e+01 5.763221e+02
1.584890e+01 6.113948e+02
1.621810e+01 6.508159e+02
1.659590e+01 6.879880e+02
1.698240e+01 7.193474e+02
1.737800e+01 7.473979e+02
1.778280e+01 7.685380e+02
1.819700e+01 7.856714e+02
1.862090e+01 7.748649e+02
1.905460e+01 7.583550e+02
1.949840e+01 7.325663e+02
1.995260e+01 7.000500e+02
2.041740e+01 6.668334e+02
2.089300e+01 6.440220e+02
2.137960e+01 6.190476e+02
2.187760e+01 5.899360e+02
2.238720e+01 5.648259e+02
2.290870e+01 5.431172e+02
2.344230e+01 5.248099e+02
2.398830e+01 5.060518e+02
2.454710e+01 4.906472e+02
2.511890e+01 4.762429e+02
2.570400e+01 4.629389e+02
2.630270e+01 4.511353e+02
2.691530e+01 4.404321e+02
2.754230e+01 4.308292e+02
2.818380e+01 4.218844e+02
2.884030e+01 4.132827e+02
2.951210e+01 4.047810e+02
3.019950e+01 3.959792e+02
3.090300e+01 3.863773e+02
3.162280e+01 3.759752e+02
3.235940e+01 3.645729e+02
3.311310e+01 3.521704e+02
3.388440e+01 3.390678e+02
3.467370e+01 3.252651e+02
3.548130e+01 3.108622e+02
3.630780e+01 2.962593e+02
3.715350e+01 2.815563e+02
3.801890e+01 2.668267e+02
3.890450e+01 2.523252e+02
3.981070e+01 2.383238e+02
4.073800e+01 2.249225e+02
4.168690e+01 2.122212e+02
4.265800e+01 2.001200e+02
4.365160e+01 1.887189e+02
4.466840e+01 1.780178e+02
4.570880e+01 1.680168e+02
4.677350e+01 1.586159e+02
4.786300e+01 1.498150e+02
4.897790e+01 1.415142e+02
5.011870e+01 1.338134e+02
5.128610e+01 1.265127e+02
5.248070e+01 1.197120e+02
5.370320e+01 1.132113e+02
5.495410e+01 1.071107e+02
5.623410e+01 1.014101e+02
5.754400e+01 9.600960e+01
5.888440e+01 9.091909e+01
6.025600e+01 8.611861e+01
6.165950e+01 8.157816e+01
6.309570e+01 7.728773e+01
6.456540e+01 7.323732e+01
6.606930e+01 6.941694e+01
6.760830e+01 6.578658e+01
6.918310e+01 6.235624e+01
7.079460e+01 5.911591e+01
7.244360e+01 5.607561e+01
7.413100e+01 5.318000e+01
7.585780e+01 5.044000e+01
7.762470e+01 4.785000e+01
7.943280e+01 4.540000e+01
8.128310e+01 4.308000e+01
8.317640e+01 4.088000e+01
8.511380e+01 3.881000e+01
8.709640e+01 3.684000e+01
8.912510e+01 3.499000e+01
9.120110e+01 3.325000e+01
9.332540e+01 3.160000e+01
9.549930e+01 3.003000e+01
9.772370e+01 2.855000e+01
1.000000e+02 2.715000e+01
1.023290e+02 2.582000e+01
1.047130e+02 2.457000e+01
1.071520e+02 2.339000e+01
1.096480e+02 2.228000e+01
1.122020e+02 2.123000e+01
1.148150e+02 2.024000e+01
1.174900e+02 1.931000e+01
1.202260e+02 1.845000e+01
1.230270e+02 1.765000e+01
1.258930e+02 1.691000e+01
1.288250e+02 1.623000e+01
1.318260e+02 1.560000e+01
1.348960e+02 1.499000e+01
1.380380e+02 1.433000e+01
1.412540e+02 1.361000e+01
1.445440e+02 1.288000e+01
1.479110e+02 1.219000e+01
1.513560e+02 1.155000e+01
1.548820e+02 1.096000e+01
1.584890e+02 1.041000e+01
1.621810e+02 9.895000e+00
1.659590e+02 9.415000e+00
1.698240e+02 8.963000e+00
1.737800e+02 8.537000e+00
1.778280e+02 8.133000e+00
1.819700e+02 7.751000e+00
1.862090e+02 7.388000e+00
1.905460e+02 7.043000e+00
1.949840e+02 6.716000e+00
1.995260e+02 6.404000e+00
2.041740e+02 6.108000e+00
2.089300e+02 5.825000e+00
2.137960e+02 5.556000e+00
2.187760e+02 5.300000e+00
2.238720e+02 5.056000e+00
2.290870e+02 4.825000e+00
2.344230e+02 4.604000e+00
2.398830e+02 4.395000e+00
2.454710e+02 4.187000e+00
2.511890e+02 3.983000e+00
2.570400e+02 3.778000e+00
2.630270e+02 3.583000e+00
2.691530e+02 3.399000e+00
2.754230e+02 3.225000e+00
2.818380e+02 3.063000e+00
2.884030e+02 2.909000e+00
2.951210e+02 2.764000e+00
3.019950e+02 2.628000e+00
3.090300e+02 2.499000e+00
3.162280e+02 2.377000e+00
3.235940e+02 2.262000e+00
3.311310e+02 2.153000e+00
3.388440e+02 2.050000e+00
3.467370e+02 1.953000e+00
3.548130e+02 1.861000e+00
3.630780e+02 1.774000e+00
3.715350e+02 1.692000e+00
3.801890e+02 1.614000e+00
3.890450e+02 1.541000e+00
3.981070e+02 1.471000e+00
4.073800e+02 1.405000e+00
4.168690e+02 1.342000e+00
4.265800e+02 1.283000e+00
4.365160e+02 1.227000e+00
4.466840e+02 1.174000e+00
4.570880e+02 1.123000e+00
4.677350e+02 1.075000e+00
4.786300e+02 1.029000e+00
4.897790e+02 9.854000e-01
5.011870e+02 9.441000e-01
5.128610e+02 9.048000e-01
5.248070e+02 8.674000e-01
5.370320e+02 8.318000e-01
5.495410e+02 7.980000e-01
5.623410e+02 7.658000e-01
5.754400e+02 7.351000e-01
5.888440e+02 7.059000e-01
6.025600e+02 6.781000e-01
6.165950e+02 6.515000e-01
6.309570e+02 6.261000e-01
6.456540e+02 6.019000e-01
6.606930e+02 5.789000e-01
6.760830e+02 5.568000e-01
6.918310e+02 5.358000e-01
7.079460e+02 5.157000e-01
7.244360e+02 4.965000e-01
7.413100e+02 4.781000e-01
7.585780e+02 4.604000e-01
7.762470e+02 4.435000e-01
7.943280e+02 4.272000e-01
8.128310e+02 4.115000e-01
8.317640e+02 3.964000e-01
8.511380e+02 3.818000e-01
8.709640e+02 3.678000e-01
8.912510e+02 3.542000e-01
9.120110e+02 3.412000e-01
9.332540e+02 3.286000e-01
9.549930e+02 3.165000e-01
9.772370e+02 3.048000e-01
1.000000e+03 2.936000e-01
1.023290e+03 2.828000e-01
1.047130e+03 2.724000e-01
1.071520e+03 2.623000e-01
1.096480e+03 2.527000e-01
1.122020e+03 2.434000e-01
1.148150e+03 2.345000e-01
1.174900e+03 2.259000e-01
1.202260e+03 2.176000e-01
1.230270e+03 2.096000e-01
1.258930e+03 2.018000e-01
1.288250e+03 1.944000e-01
1.318260e+03 1.873000e-01
1.348960e+03 1.804000e-01
1.380380e+03 1.738000e-01
1.412540e+03 1.674000e-01
1.445440e+03 1.612000e-01
1.479110e+03 1.552000e-01
1.513560e+03 1.495000e-01
1.548820e+03 1.440000e-01
1.584890e+03 1.387000e-01
1.621810e+03 1.336000e-01
1.659590e+03 1.287000e-01
1.698240e+03 1.239000e-01
1.737800e+03 1.193000e-01
1.778280e+03 1.149000e-01
1.819700e+03 1.107000e-01
1.862090e+03 1.066000e-01
1.905460e+03 1.027000e-01
1.949840e+03 9.887000e-02
1.995260e+03 9.521000e-02
2.041740e+03 9.169000e-02
2.089300e+03 8.829000e-02
2.137960e+03 8.502000e-02
2.187760e+03 8.187000e-02
2.238720e+03 7.883000e-02
2.290870e+03 7.591000e-02
2.344230e+03 7.310000e-02
2.398830e+03 7.039000e-02
2.454710e+03 6.778000e-02
2.511890e+03 6.526000e-02
2.570400e+03 6.283000e-02
2.630270e+03 6.049000e-02
2.691530e+03 5.823000e-02
2.754230e+03 5.606000e-02
2.818380e+03 5.396000e-02
2.884030e+03 5.195000e-02
2.951210e+03 5.001000e-02
3.019950e+03 4.814000e-02
3.090300e+03 4.634000e-02
3.162280e+03 4.461000e-02
3.235940e+03 4.294000e-02
3.311310e+03 4.133000e-02
3.388440e+03 3.978000e-02
3.467370e+03 3.829000e-02
3.548130e+03 3.685000e-02
3.630780e+03 3.547000e-02
3.715350e+03 3.414000e-02
3.801890e+03 3.287000e-02
3.890450e+03 3.163000e-02
3.981070e+03 3.045000e-02
4.073800e+03 2.931000e-02
4.168690e+03 2.820000e-02
4.265800e+03 2.714000e-02
4.365160e+03 2.612000e-02
4.466840e+03 2.514000e-02
4.570880e+03 2.420000e-02
4.677350e+03 2.329000e-02
4.786300e+03 2.241000e-02
4.897790e+03 2.157000e-02
5.011870e+03 2.076000e-02
5.128610e+03 1.998000e-02
5.248070e+03 1.923000e-02
5.370320e+03 1.850000e-02
5.495410e+03 1.781000e-02
5.623410e+03 1.714000e-02
5.754400e+03 1.649000e-02
5.888440e+03 1.587000e-02
6.025600e+03 1.528000e-02
6.165950e+03 1.470000e-02
6.309570e+03 1.415000e-02
6.456540e+03 1.362000e-02
6.606930e+03 1.311000e-02
6.760830e+03 1.261000e-02
6.918310e+03 1.214000e-02
7.079460e+03 1.168000e-02
7.244360e+03 1.124000e-02
7.413100e+03 1.082000e-02
7.585780e+03 1.041000e-02
7.762470e+03 1.002000e-02
7.943280e+03 9.645000e-03
8.128310e+03 9.282000e-03
8.317640e+03 8.933000e-03
8.511380e+03 8.596000e-03
8.709640e+03 8.273000e-03
8.912510e+03 7.961000e-03
9.120110e+03 7.660000e-03
9.332540e+03 7.368000e-03
9.549930e+03 7.086000e-03
9.772370e+03 6.815000e-03
1.000000e+04 6.553000e-03
