  5.0000E-02  8.9107E-14  4.2837E-14  3.7350E+02  8.2435E-01  7.6944E-01  9.1000E+01
  6.0000E-02  1.0723E-13  4.9541E-14  4.4948E+02  7.5059E-01  7.2277E-01  8.5000E+01
  8.0000E-02  1.3901E-13  5.4945E-14  5.8266E+02  6.8374E-01  7.1079E-01  7.4000E+01
  1.0000E-01  1.1712E-13  5.1089E-14  4.9092E+02  7.0263E-01  6.3206E-01  7.0000E+01
  1.2000E-01  9.7165E-14  4.4741E-14  4.0728E+02  7.6170E-01  4.8689E-01  7.3000E+01
  1.5000E-01  8.9845E-14  4.1535E-14  3.7659E+02  7.4508E-01  2.6232E-01  6.8000E+01
  2.0000E-01  1.0209E-13  5.2606E-14  4.2794E+02  6.4288E-01  2.8960E-01  5.3000E+01
  2.5000E-01  9.4932E-14  5.8452E-14  3.9792E+02  5.7069E-01  2.3273E-01  5.1000E+01
  3.0000E-01  8.8385E-14  5.4950E-14  3.7048E+02  5.6296E-01  1.7004E-01  6.7000E+01
  3.6000E-01  8.5335E-14  5.2793E-14  3.5769E+02  5.5210E-01  1.7123E-01  7.6000E+01
  4.4000E-01  7.9552E-14  4.8817E-14  3.3345E+02  5.1847E-01  2.2707E-01  8.8000E+01
  5.5000E-01  6.8443E-14  4.1979E-14  2.8689E+02  4.8037E-01  3.0770E-01  9.2000E+01
  7.0000E-01  5.3233E-14  3.2097E-14  2.2313E+02  4.3379E-01  4.1239E-01  9.5000E+01
  8.5000E-01  4.1406E-14  2.4279E-14  1.7356E+02  3.9480E-01  4.7912E-01  9.5000E+01
  1.0000E+00  3.2834E-14  1.8710E-14  1.3673E+02  3.6571E-01  5.0602E-01  9.5000E+01
  1.0290E+00  3.1627E-14  1.7947E-14  1.3103E+02  3.6173E-01  5.0600E-01  9.5000E+01
  1.0588E+00  3.0386E-14  1.7162E-14  1.2557E+02  3.5763E-01  5.0598E-01  9.5000E+01
  1.0895E+00  2.9108E-14  1.6355E-14  1.2034E+02  3.5342E-01  5.0597E-01  9.5000E+01
  1.1211E+00  2.7794E-14  1.5524E-14  1.1532E+02  3.4908E-01  5.0595E-01  9.5000E+01
  1.1536E+00  2.6481E-14  1.4696E-14  1.1051E+02  3.4477E-01  5.0567E-01  9.5000E+01
  1.1871E+00  2.5459E-14  1.4064E-14  1.0591E+02  3.4150E-01  5.0328E-01  9.5000E+01
  1.2215E+00  2.4407E-14  1.3414E-14  1.0149E+02  3.3813E-01  5.0083E-01  9.5000E+01
  1.2350E+00  2.3994E-14  1.3159E-14  9.9845E+01  3.3681E-01  4.9986E-01  9.5000E+01
  1.2569E+00  2.3324E-14  1.2746E-14  9.7102E+01  3.3467E-01  4.9830E-01  9.5000E+01
  1.2933E+00  2.2210E-14  1.2058E-14  9.2804E+01  3.3111E-01  4.9570E-01  9.5000E+01
  1.3308E+00  2.1417E-14  1.1579E-14  8.8696E+01  3.2785E-01  4.9403E-01  9.4846E+01
  1.3694E+00  2.0679E-14  1.1137E-14  8.4769E+01  3.2459E-01  4.9255E-01  9.4653E+01
  1.4091E+00  1.9919E-14  1.0682E-14  8.1017E+01  3.2124E-01  4.9102E-01  9.4454E+01
  1.4500E+00  1.9138E-14  1.0214E-14  7.7430E+01  3.1779E-01  4.8945E-01  9.4250E+01
  1.4920E+00  1.8333E-14  9.7328E-15  7.4002E+01  3.1424E-01  4.8783E-01  9.4040E+01
  1.5353E+00  1.7506E-14  9.2373E-15  7.0726E+01  3.1058E-01  4.8617E-01  9.3824E+01
  1.5798E+00  1.6654E-14  8.7276E-15  6.7596E+01  3.0682E-01  4.8445E-01  9.3601E+01
  1.6256E+00  1.5778E-14  8.2030E-15  6.4603E+01  3.0295E-01  4.8269E-01  9.3372E+01
  1.6620E+00  1.5082E-14  7.7863E-15  6.2377E+01  2.9988E-01  4.8129E-01  9.3190E+01
  1.6727E+00  1.4876E-14  7.6632E-15  6.1724E+01  2.9897E-01  4.8088E-01  9.3136E+01
  1.7212E+00  1.4121E-14  7.2156E-15  5.8910E+01  2.9511E-01  4.8111E-01  9.3000E+01
  1.7712E+00  1.3570E-14  6.8972E-15  5.6224E+01  2.9144E-01  4.8413E-01  9.3000E+01
  1.8225E+00  1.3004E-14  6.5696E-15  5.3660E+01  2.8766E-01  4.8723E-01  9.3000E+01
  1.8753E+00  1.2422E-14  6.2325E-15  5.1213E+01  2.8377E-01  4.9042E-01  9.3000E+01
  1.9297E+00  1.1822E-14  5.8856E-15  4.8878E+01  2.7977E-01  4.9370E-01  9.3000E+01
  1.9857E+00  1.1205E-14  5.5287E-15  4.6650E+01  2.7565E-01  4.9707E-01  9.3000E+01
  2.0432E+00  1.0692E-14  5.2314E-15  4.4523E+01  2.7027E-01  5.0368E-01  9.2784E+01
  2.1025E+00  1.0205E-14  4.9492E-15  4.2493E+01  2.6434E-01  5.1155E-01  9.2488E+01
  2.1590E+00  9.7411E-15  4.6801E-15  4.0691E+01  2.5868E-01  5.1906E-01  9.2205E+01
  2.1634E+00  9.7046E-15  4.6589E-15  4.0606E+01  2.5823E-01  5.1965E-01  9.2183E+01
  2.2262E+00  9.2583E-15  4.4019E-15  3.9431E+01  2.5180E-01  5.2852E-01  9.1948E+01
  2.2907E+00  8.8980E-15  4.1975E-15  3.8290E+01  2.4495E-01  5.3845E-01  9.1819E+01
  2.3571E+00  8.5273E-15  3.9872E-15  3.7182E+01  2.3791E-01  5.4866E-01  9.1686E+01
  2.4255E+00  8.1459E-15  3.7708E-15  3.6106E+01  2.3066E-01  5.5916E-01  9.1549E+01
  2.4958E+00  7.7534E-15  3.5481E-15  3.5062E+01  2.2320E-01  5.6998E-01  9.1408E+01
  2.5682E+00  7.3495E-15  3.3189E-15  3.4047E+01  2.1553E-01  5.8110E-01  9.1264E+01
  2.6426E+00  6.9340E-15  3.0831E-15  3.3062E+01  2.0763E-01  5.9255E-01  9.1115E+01
  2.7192E+00  6.5412E-15  2.8615E-15  3.2106E+01  1.9970E-01  6.0411E-01  9.0936E+01
  2.7981E+00  6.2443E-15  2.6978E-15  3.1177E+01  1.9211E-01  6.1535E-01  9.0673E+01
  2.8792E+00  5.9387E-15  2.5294E-15  3.0275E+01  1.8431E-01  6.2691E-01  9.0403E+01
  2.9627E+00  5.6243E-15  2.3561E-15  2.9399E+01  1.7628E-01  6.3881E-01  9.0124E+01
  3.0486E+00  5.3294E-15  2.1943E-15  2.8548E+01  1.6806E-01  6.5155E-01  9.0000E+01
  3.1370E+00  5.0577E-15  2.0462E-15  2.7722E+01  1.5959E-01  6.6460E-01  9.0000E+01
  3.2279E+00  4.7975E-15  1.9052E-15  2.6920E+01  1.5096E-01  6.7724E-01  9.0000E+01
  3.3215E+00  4.5488E-15  1.7716E-15  2.6142E+01  1.4261E-01  6.8996E-01  8.9785E+01
  3.4178E+00  4.3105E-15  1.6450E-15  2.5385E+01  1.3428E-01  7.0316E-01  8.9000E+01
  3.5169E+00  4.0831E-15  1.5254E-15  2.4651E+01  1.2568E-01  7.1657E-01  8.9000E+01
  3.5500E+00  4.0116E-15  1.4880E-15  2.4415E+01  1.2274E-01  7.2084E-01  8.9000E+01
  3.6189E+00  3.8655E-15  1.4118E-15  2.3891E+01  1.1667E-01  7.2949E-01  8.9000E+01
  3.7238E+00  3.6588E-15  1.3051E-15  2.3133E+01  1.0783E-01  7.4151E-01  8.9000E+01
  3.8318E+00  3.4625E-15  1.2052E-15  2.2400E+01  9.9308E-02  7.5313E-01  8.8682E+01
  3.9429E+00  3.2758E-15  1.1112E-15  2.1689E+01  9.0820E-02  7.6476E-01  8.8000E+01
  4.0572E+00  3.0982E-15  1.0230E-15  2.1001E+01  8.2263E-02  7.7614E-01  8.8000E+01
  4.1748E+00  2.9288E-15  9.4020E-16  2.0335E+01  7.3646E-02  7.8686E-01  8.8000E+01
  4.2959E+00  2.7676E-15  8.6272E-16  1.9690E+01  6.5254E-02  7.9674E-01  8.8000E+01
  4.4204E+00  2.6162E-15  7.9109E-16  1.9065E+01  5.7221E-02  8.0614E-01  8.7000E+01
  4.4930E+00  2.5329E-15  7.5206E-16  1.8718E+01  5.2669E-02  8.1155E-01  8.7000E+01
  4.5486E+00  2.4789E-15  7.2737E-16  1.8676E+01  4.9480E-02  8.1504E-01  8.7000E+01
  4.6805E+00  2.3542E-15  6.7061E-16  1.8579E+01  4.2016E-02  8.2309E-01  8.7000E+01
  4.8162E+00  2.2259E-15  6.1220E-16  1.8482E+01  3.4336E-02  8.3137E-01  8.7000E+01
  4.9558E+00  2.0938E-15  5.5210E-16  1.8386E+01  2.6434E-02  8.3989E-01  8.7000E+01
  5.0995E+00  1.9834E-15  5.0358E-16  1.8290E+01  1.9245E-02  8.4710E-01  8.6801E+01
  5.2474E+00  1.8815E-15  4.5974E-16  1.8195E+01  1.2279E-02  8.5381E-01  8.6505E+01
  5.3995E+00  1.7766E-15  4.1463E-16  1.8100E+01  5.1105E-03  8.6070E-01  8.6201E+01
  5.5561E+00  1.6791E-15  3.7321E-16  1.8006E+01 -1.7738E-03  8.6709E-01  8.5888E+01
  5.7172E+00  1.5982E-15  3.3980E-16  1.7912E+01 -7.9502E-03  8.7237E-01  8.5566E+01
  5.7310E+00  1.5913E-15  3.3693E-16  1.7904E+01 -8.4812E-03  8.7282E-01  8.5538E+01
  5.8829E+00  1.5150E-15  3.0543E-16  1.7870E+01 -1.4306E-02  8.7779E-01  8.5234E+01
  6.0535E+00  1.4359E-15  2.7328E-16  1.7833E+01 -2.0513E-02  8.8291E-01  8.5000E+01
  6.2290E+00  1.3693E-15  2.4743E-16  1.7797E+01 -2.6149E-02  8.8716E-01  8.5000E+01
  6.4096E+00  1.3007E-15  2.2084E-16  1.7760E+01 -3.1949E-02  8.9153E-01  8.5000E+01
  6.5954E+00  1.2374E-15  1.9736E-16  1.7723E+01 -3.7559E-02  8.9546E-01  8.4809E+01
  6.7867E+00  1.1793E-15  1.7699E-16  1.7686E+01 -4.2982E-02  8.9894E-01  8.4427E+01
  6.9834E+00  1.1194E-15  1.5603E-16  1.7650E+01 -4.8563E-02  9.0252E-01  8.4033E+01
  7.1859E+00  1.0935E-15  1.3965E-16  1.7613E+01 -5.4009E-02  9.0518E-01  8.4000E+01
  7.3943E+00  1.0701E-15  1.2327E-16  1.7577E+01 -5.9586E-02  9.0782E-01  8.4000E+01
  7.6087E+00  1.1342E-15  1.0907E-16  1.7540E+01 -6.4361E-02  9.1037E-01  8.4000E+01
  7.8293E+00  1.2885E-15  9.7118E-17  1.7504E+01 -6.8309E-02  9.1283E-01  8.4000E+01
  7.8720E+00  1.3184E-15  9.4802E-17  1.7497E+01 -6.9074E-02  9.1330E-01  8.4000E+01
  8.0563E+00  1.4886E-15  8.6138E-17  1.7626E+01 -7.1180E-02  9.1562E-01  8.4000E+01
  8.2898E+00  1.8238E-15  7.8947E-17  1.7787E+01 -7.0413E-02  9.1932E-01  8.4000E+01
  8.5302E+00  2.1724E-15  7.1955E-17  1.7949E+01 -6.9203E-02  9.2319E-01  8.4000E+01
  8.7775E+00  2.5587E-15  6.7681E-17  1.8113E+01 -6.4952E-02  9.2772E-01  8.4000E+01
  9.0320E+00  2.9496E-15  6.3664E-17  1.8278E+01 -6.0139E-02  9.3249E-01  8.4080E+01
  9.2939E+00  3.3056E-15  6.2257E-17  1.8445E+01 -5.2060E-02  9.3822E-01  8.4735E+01
  9.5633E+00  3.4384E-15  6.0100E-17  1.8613E+01 -4.5360E-02  9.4291E-01  8.5089E+01
  9.8406E+00  3.2490E-15  5.6011E-17  1.8782E+01 -4.2131E-02  9.4569E-01  8.6000E+01
  1.0126E+01  3.0361E-15  5.1877E-17  1.8954E+01 -3.9650E-02  9.4801E-01  8.6000E+01
  1.0420E+01  2.8071E-15  4.8015E-17  1.9126E+01 -3.6916E-02  9.5027E-01  8.6000E+01
  1.0722E+01  2.5204E-15  4.3477E-17  1.9301E+01 -3.5784E-02  9.5148E-01  8.6000E+01
  1.1032E+01  2.2139E-15  3.8647E-17  1.9477E+01 -3.5285E-02  9.5230E-01  8.6000E+01
  1.1352E+01  1.9814E-15  3.4193E-17  1.9654E+01 -3.5611E-02  9.5299E-01  8.6000E+01
  1.1682E+01  1.7668E-15  3.0607E-17  1.9833E+01 -3.4654E-02  9.5389E-01  8.7000E+01
  1.2020E+01  1.5675E-15  2.6941E-17  2.0014E+01 -3.5198E-02  9.5458E-01  8.7000E+01
  1.2369E+01  1.3931E-15  2.3607E-17  2.0197E+01 -3.6235E-02  9.5529E-01  8.7000E+01
  1.2727E+01  1.2392E-15  2.0640E-17  2.0381E+01 -3.7818E-02  9.5600E-01  8.7000E+01
  1.3096E+01  1.1036E-15  1.7915E-17  2.0567E+01 -4.0382E-02  9.5658E-01  8.6036E+01
  1.3476E+01  9.9419E-16  1.5511E-17  2.0754E+01 -4.3473E-02  9.5730E-01  8.6000E+01
  1.3867E+01  9.2156E-16  1.3364E-17  2.0943E+01 -4.7728E-02  9.5788E-01  8.6000E+01
  1.4269E+01  8.9747E-16  1.1507E-17  2.1134E+01 -5.1704E-02  9.5850E-01  8.6000E+01
  1.4683E+01  9.1434E-16  9.9800E-18  2.1327E+01 -5.4693E-02  9.5927E-01  8.6000E+01
  1.5108E+01  9.5753E-16  8.7898E-18  2.1521E+01 -5.6162E-02  9.6028E-01  8.6000E+01
  1.5546E+01  1.0132E-15  7.8861E-18  2.1717E+01 -5.6277E-02  9.6154E-01  8.6000E+01
  1.5997E+01  1.0705E-15  6.9561E-18  2.1915E+01 -5.6394E-02  9.6284E-01  8.6000E+01
  1.6461E+01  1.1308E-15  6.3757E-18  2.2115E+01 -5.4733E-02  9.6448E-01  8.6000E+01
  1.6938E+01  1.1929E-15  5.7809E-18  2.2317E+01 -5.3012E-02  9.6617E-01  8.6000E+01
  1.7429E+01  1.2315E-15  5.3499E-18  2.2520E+01 -5.0532E-02  9.6795E-01  8.6429E+01
  1.7935E+01  1.2675E-15  4.9331E-18  2.2725E+01 -4.7874E-02  9.6978E-01  8.6935E+01
  1.8455E+01  1.2619E-15  4.5790E-18  2.2933E+01 -4.5410E-02  9.7150E-01  8.7000E+01
  1.8990E+01  1.2497E-15  4.2256E-18  2.3142E+01 -4.2915E-02  9.7325E-01  8.7000E+01
  1.9540E+01  1.1970E-15  3.8766E-18  2.3353E+01 -4.1553E-02  9.7448E-01  8.7000E+01
  2.0107E+01  1.1431E-15  3.5284E-18  2.3566E+01 -4.0371E-02  9.7562E-01  8.7000E+01
  2.0690E+01  1.0932E-15  3.2176E-18  2.3780E+01 -4.0020E-02  9.7626E-01  8.7000E+01
  2.1290E+01  1.0418E-15  2.8977E-18  2.3997E+01 -3.9659E-02  9.7693E-01  8.7000E+01
  2.1907E+01  9.8885E-16  2.5686E-18  2.4216E+01 -3.9288E-02  9.7761E-01  8.7000E+01
  2.2542E+01  9.4351E-16  2.3052E-18  2.4437E+01 -3.9033E-02  9.7815E-01  8.7000E+01
  2.3196E+01  9.0152E-16  2.0620E-18  2.4659E+01 -3.8799E-02  9.7867E-01  8.7000E+01
  2.3680E+01  8.7572E-16  1.9074E-18  2.4822E+01 -3.8638E-02  9.7906E-01  8.7000E+01
  2.3868E+01  8.6570E-16  1.8473E-18  2.3047E+01 -3.8575E-02  9.7921E-01  8.7000E+01
  2.4560E+01  8.3264E-16  1.6601E-18  1.7630E+01 -3.8518E-02  9.7974E-01  8.7000E+01
  2.5272E+01  8.0085E-16  1.4867E-18  1.3487E+01 -3.8583E-02  9.8016E-01  8.7000E+01
  2.6005E+01  7.7031E-16  1.3272E-18  1.0317E+01 -3.8786E-02  9.8041E-01  8.7000E+01
  2.6759E+01  7.4245E-16  1.1916E-18  7.8920E+00 -3.8882E-02  9.8060E-01  8.7000E+01
  2.7535E+01  7.1611E-16  1.0684E-18  6.0372E+00 -3.8952E-02  9.8076E-01  8.7000E+01
  2.8333E+01  6.9158E-16  9.6064E-19  4.6182E+00 -3.8960E-02  9.8090E-01  8.7167E+01
  2.9155E+01  6.6850E-16  8.6598E-19  3.5328E+00 -3.8897E-02  9.8103E-01  8.7577E+01
  3.0000E+01  6.4475E-16  7.6857E-19  2.7025E+00 -3.8832E-02  9.8117E-01  8.8000E+01
  3.5000E+01  5.3080E-16  4.2750E-19  2.2249E+00 -3.7984E-02  9.8143E-01  8.8000E+01
  4.0000E+01  4.3868E-16  2.5751E-19  1.8388E+00 -3.6231E-02  9.8132E-01  8.8000E+01
  4.5000E+01  3.6100E-16  1.6411E-19  1.5132E+00 -3.4422E-02  9.8060E-01  8.8000E+01
  5.0000E+01  2.9879E-16  1.0914E-19  1.2524E+00 -3.1252E-02  9.7894E-01  8.8000E+01
  5.5000E+01  2.4903E-16  7.5185E-20  1.0438E+00 -2.5863E-02  9.7781E-01  8.8000E+01
  6.0000E+01  2.0931E-16  5.3360E-20  8.7736E-01 -1.9625E-02  9.7750E-01  8.9000E+01
  6.5000E+01  1.7746E-16  3.8858E-20  7.4384E-01 -1.3132E-02  9.7773E-01  8.9000E+01
  7.0000E+01  1.5167E-16  2.8934E-20  6.3575E-01 -6.8131E-03  9.7854E-01  9.0000E+01
  7.5000E+01  1.3075E-16  2.1966E-20  5.4805E-01 -9.9110E-04  9.8006E-01  9.0000E+01
  8.0000E+01  1.1355E-16  1.6966E-20  4.7594E-01  4.1752E-03  9.8187E-01  9.0000E+01
  8.5000E+01  9.9351E-17  1.3302E-20  4.1644E-01  8.2907E-03  9.8423E-01  9.0000E+01
  9.0000E+01  8.7591E-17  1.0571E-20  3.6715E-01  1.0761E-02  9.8713E-01  9.1000E+01
  9.5000E+01  7.7854E-17  8.5042E-21  3.2634E-01  1.1902E-02  9.8975E-01  9.1000E+01
  1.0000E+02  6.9639E-17  6.9186E-21  2.9190E-01  1.2281E-02  9.9198E-01  9.1000E+01
  1.0500E+02  6.2668E-17  5.6851E-21  2.6268E-01  1.1793E-02  9.9406E-01  9.1000E+01
  1.1000E+02  5.6798E-17  4.7143E-21  2.3807E-01  1.0525E-02  9.9585E-01  9.1000E+01
  1.2000E+02  4.7724E-17  3.3224E-21  2.0004E-01  6.9633E-03  9.9831E-01  9.0000E+01
  1.3000E+02  4.1117E-17  2.4113E-21  1.7235E-01  3.5753E-03  9.9933E-01  9.0000E+01
  1.4000E+02  3.5860E-17  1.7954E-21  1.5031E-01  1.0110E-03  9.9963E-01  9.0000E+01
  1.5000E+02  3.1120E-17  1.3650E-21  1.3044E-01 -8.3451E-04  9.9969E-01  9.0000E+01
  2.0000E+02  1.6809E-17  4.3199E-22  7.0457E-02 -4.8813E-03  9.9949E-01  9.0000E+01
  2.5000E+02  1.0701E-17  1.7682E-22  4.4854E-02 -5.8478E-03  9.9937E-01  9.0000E+01
  3.0000E+02  7.4479E-18  8.5227E-23  3.1219E-02 -5.9141E-03  9.9934E-01  9.0000E+01
  4.0000E+02  4.2279E-18  2.6955E-23  1.7722E-02 -5.2432E-03  9.9938E-01  9.0000E+01
  5.0000E+02  2.7295E-18  1.1039E-23  1.1441E-02 -4.3768E-03  9.9947E-01  9.0000E+01
  7.0000E+02  1.4102E-18  2.8726E-24  5.9109E-03 -2.9745E-03  9.9962E-01  9.0000E+01
  1.0000E+03  6.9777E-19  6.8961E-25  2.9248E-03 -1.7611E-03  9.9977E-01  9.0000E+01
