# Filter: 2MASS H
# Source: svo2.cab.inta-csic.es/theory/fps (2MASS/2MASS.H)
# Column 1: wavelength (micron)
# Column 2: relative transmission (raw, unnormalized, as published)
1.289000e+00 0.000000e+00
1.315000e+00 0.000000e+00
1.341000e+00 0.000000e+00
1.368000e+00 0.000000e+00
1.397000e+00 0.000000e+00
1.418000e+00 0.000000e+00
1.440000e+00 5.000000e-04
1.462000e+00 2.800000e-03
1.478000e+00 8.100000e-03
1.486000e+00 2.870000e-02
1.493000e+00 8.710000e-02
1.504000e+00 2.014000e-01
1.515000e+00 4.382000e-01
1.528000e+00 6.864000e-01
1.539000e+00 8.181000e-01
1.546000e+00 8.821000e-01
1.551000e+00 9.118000e-01
1.556000e+00 9.269000e-01
1.565000e+00 9.293000e-01
1.572000e+00 8.727000e-01
1.577000e+00 8.566000e-01
1.583000e+00 8.826000e-01
1.592000e+00 9.181000e-01
1.597000e+00 9.267000e-01
1.602000e+00 9.076000e-01
1.613000e+00 9.260000e-01
1.619000e+00 9.205000e-01
1.628000e+00 9.242000e-01
1.633000e+00 9.235000e-01
1.642000e+00 9.418000e-01
1.648000e+00 9.491000e-01
1.657000e+00 9.807000e-01
1.659000e+00 9.937000e-01
1.671000e+00 1.000000e+00
1.684000e+00 9.561000e-01
1.701000e+00 9.241000e-01
1.715000e+00 9.821000e-01
1.727000e+00 9.916000e-01
1.739000e+00 9.887000e-01
1.746000e+00 9.792000e-01
1.751000e+00 9.682000e-01
1.753000e+00 9.370000e-01
1.756000e+00 9.190000e-01
1.764000e+00 8.423000e-01
1.775000e+00 6.671000e-01
1.785000e+00 2.694000e-01
1.790000e+00 4.516000e-01
1.796000e+00 1.731000e-01
1.803000e+00 1.077000e-01
1.810000e+00 7.070000e-02
1.813000e+00 5.100000e-03
1.818000e+00 2.000000e-02
1.828000e+00 4.000000e-04
1.835000e+00 0.000000e+00
1.850000e+00 1.000000e-04
1.871000e+00 0.000000e+00
1.893000e+00 0.000000e+00
1.914000e+00 0.000000e+00
