# Filter: Spitzer IRAC ch2 (4.5um)
# Source: svo2.cab.inta-csic.es/theory/fps (Spitzer/IRAC.I2)
# Column 1: wavelength (micron)
# Column 2: relative transmission (raw, unnormalized, as published)
3.722490e+00 1.201000e-03
3.725160e+00 1.099000e-03
3.727840e+00 1.117000e-03
3.730520e+00 1.213000e-03
3.733210e+00 1.211000e-03
3.735900e+00 1.253000e-03
3.738590e+00 1.231000e-03
3.741290e+00 1.209000e-03
3.743990e+00 1.237000e-03
3.746690e+00 1.197000e-03
3.749400e+00 1.128000e-03
3.752120e+00 1.091000e-03
3.754830e+00 1.037000e-03
3.757550e+00 9.560000e-04
3.760280e+00 8.580000e-04
3.763010e+00 7.170000e-04
3.765740e+00 6.020000e-04
3.768480e+00 5.780000e-04
3.771220e+00 5.870000e-04
3.773960e+00 4.740000e-04
3.776710e+00 3.770000e-04
3.779460e+00 3.170000e-04
3.782220e+00 2.330000e-04
3.784980e+00 2.300000e-04
3.787750e+00 1.570000e-04
3.790510e+00 2.280000e-04
3.793290e+00 4.240000e-04
3.796060e+00 4.740000e-04
3.798840e+00 5.630000e-04
3.801630e+00 6.330000e-04
3.804420e+00 4.510000e-04
3.807210e+00 4.640000e-04
3.810010e+00 8.500000e-04
3.812810e+00 9.420000e-04
3.815620e+00 8.120000e-04
3.818430e+00 1.039000e-03
3.821240e+00 1.136000e-03
3.824060e+00 1.040000e-03
3.826880e+00 1.322000e-03
3.829710e+00 1.361000e-03
3.832540e+00 1.194000e-03
3.835370e+00 1.184000e-03
3.838210e+00 1.108000e-03
3.841050e+00 1.127000e-03
3.843900e+00 1.191000e-03
3.846750e+00 1.142000e-03
3.849610e+00 1.138000e-03
3.852470e+00 9.460000e-04
3.855330e+00 9.720000e-04
3.858200e+00 1.021000e-03
3.861070e+00 7.730000e-04
3.863950e+00 6.930000e-04
3.866830e+00 6.470000e-04
3.869720e+00 5.230000e-04
3.872610e+00 4.510000e-04
3.875500e+00 3.660000e-04
3.878400e+00 3.980000e-04
3.881300e+00 3.910000e-04
3.884210e+00 2.230000e-04
3.887120e+00 2.260000e-04
3.890040e+00 3.070000e-04
3.892960e+00 4.010000e-04
3.895890e+00 6.640000e-04
3.898810e+00 1.206000e-03
3.901750e+00 1.624000e-03
3.904690e+00 1.920000e-03
3.907630e+00 2.697000e-03
3.910580e+00 3.559000e-03
3.913530e+00 4.236000e-03
3.916480e+00 5.163000e-03
3.919440e+00 6.273000e-03
3.922410e+00 7.327000e-03
3.925380e+00 8.786000e-03
3.928350e+00 1.068000e-02
3.931330e+00 1.237000e-02
3.934310e+00 1.432000e-02
3.937300e+00 1.668000e-02
3.940290e+00 1.937000e-02
3.943290e+00 2.232000e-02
3.946290e+00 2.581000e-02
3.949290e+00 2.994000e-02
3.952300e+00 3.479000e-02
3.955320e+00 4.024000e-02
3.958340e+00 4.690000e-02
3.961360e+00 5.481000e-02
3.964390e+00 6.381000e-02
3.967420e+00 7.436000e-02
3.970460e+00 8.669000e-02
3.973500e+00 1.010000e-01
3.976550e+00 1.175000e-01
3.979600e+00 1.358000e-01
3.982660e+00 1.573000e-01
3.985720e+00 1.793000e-01
3.988790e+00 2.023000e-01
3.991860e+00 2.281000e-01
3.994930e+00 2.522000e-01
3.998010e+00 2.775000e-01
4.001100e+00 3.004000e-01
4.004190e+00 3.207000e-01
4.007280e+00 3.390000e-01
4.010380e+00 3.550000e-01
4.013490e+00 3.669000e-01
4.016590e+00 3.755000e-01
4.019710e+00 3.805000e-01
4.022830e+00 3.837000e-01
4.025950e+00 3.854000e-01
4.029080e+00 3.846000e-01
4.032210e+00 3.824000e-01
4.035350e+00 3.798000e-01
4.038490e+00 3.781000e-01
4.041640e+00 3.743000e-01
4.044790e+00 3.695000e-01
4.047950e+00 3.657000e-01
4.051110e+00 3.607000e-01
4.054280e+00 3.568000e-01
4.057450e+00 3.531000e-01
4.060630e+00 3.488000e-01
4.063810e+00 3.443000e-01
4.067000e+00 3.402000e-01
4.070190e+00 3.367000e-01
4.073390e+00 3.337000e-01
4.076590e+00 3.308000e-01
4.079800e+00 3.283000e-01
4.083010e+00 3.268000e-01
4.086230e+00 3.262000e-01
4.089450e+00 3.254000e-01
4.092680e+00 3.249000e-01
4.095910e+00 3.251000e-01
4.099150e+00 3.260000e-01
4.102390e+00 3.283000e-01
4.105640e+00 3.303000e-01
4.108890e+00 3.324000e-01
4.112150e+00 3.351000e-01
4.115420e+00 3.386000e-01
4.118680e+00 3.448000e-01
4.121960e+00 3.507000e-01
4.125240e+00 3.552000e-01
4.128520e+00 3.617000e-01
4.131810e+00 3.689000e-01
4.135110e+00 3.764000e-01
4.138410e+00 3.838000e-01
4.141710e+00 3.916000e-01
4.145020e+00 3.995000e-01
4.148340e+00 4.085000e-01
4.151660e+00 4.181000e-01
4.154990e+00 4.269000e-01
4.158320e+00 4.349000e-01
4.161660e+00 4.411000e-01
4.165000e+00 4.473000e-01
4.168350e+00 4.545000e-01
4.171700e+00 4.605000e-01
4.175060e+00 4.660000e-01
4.178420e+00 4.709000e-01
4.181790e+00 4.755000e-01
4.185170e+00 4.798000e-01
4.188550e+00 4.841000e-01
4.191930e+00 4.885000e-01
4.195330e+00 4.908000e-01
4.198720e+00 4.922000e-01
4.202130e+00 4.948000e-01
4.205530e+00 4.967000e-01
4.208950e+00 4.972000e-01
4.212370e+00 4.974000e-01
4.215790e+00 4.970000e-01
4.219220e+00 4.972000e-01
4.222660e+00 4.963000e-01
4.226100e+00 4.942000e-01
4.229550e+00 4.923000e-01
4.233000e+00 4.904000e-01
4.236460e+00 4.883000e-01
4.239920e+00 4.873000e-01
4.243390e+00 4.847000e-01
4.246870e+00 4.805000e-01
4.250350e+00 4.773000e-01
4.253830e+00 4.749000e-01
4.257330e+00 4.728000e-01
4.260820e+00 4.704000e-01
4.264330e+00 4.680000e-01
4.267840e+00 4.674000e-01
4.271350e+00 4.664000e-01
4.274870e+00 4.646000e-01
4.278400e+00 4.651000e-01
4.281930e+00 4.659000e-01
4.285470e+00 4.657000e-01
4.289020e+00 4.662000e-01
4.292570e+00 4.677000e-01
4.296130e+00 4.714000e-01
4.299690e+00 4.744000e-01
4.303260e+00 4.773000e-01
4.306830e+00 4.807000e-01
4.310410e+00 4.832000e-01
4.314000e+00 4.864000e-01
4.317590e+00 4.902000e-01
4.321190e+00 4.929000e-01
4.324790e+00 4.954000e-01
4.328400e+00 4.983000e-01
4.332020e+00 5.014000e-01
4.335640e+00 5.046000e-01
4.339270e+00 5.069000e-01
4.342900e+00 5.090000e-01
4.346540e+00 5.108000e-01
4.350190e+00 5.128000e-01
4.353840e+00 5.148000e-01
4.357500e+00 5.156000e-01
4.361160e+00 5.162000e-01
4.364830e+00 5.194000e-01
4.368510e+00 5.228000e-01
4.372190e+00 5.237000e-01
4.375880e+00 5.252000e-01
4.379580e+00 5.279000e-01
4.383280e+00 5.299000e-01
4.386990e+00 5.313000e-01
4.390710e+00 5.336000e-01
4.394430e+00 5.368000e-01
4.398150e+00 5.391000e-01
4.401890e+00 5.407000e-01
4.405630e+00 5.423000e-01
4.409370e+00 5.438000e-01
4.413130e+00 5.459000e-01
4.416890e+00 5.473000e-01
4.420650e+00 5.470000e-01
4.424420e+00 5.471000e-01
4.428200e+00 5.479000e-01
4.431990e+00 5.480000e-01
4.435780e+00 5.481000e-01
4.439570e+00 5.481000e-01
4.443380e+00 5.464000e-01
4.447190e+00 5.462000e-01
4.451010e+00 5.467000e-01
4.454830e+00 5.443000e-01
4.458660e+00 5.419000e-01
4.462500e+00 5.417000e-01
4.466340e+00 5.418000e-01
4.470190e+00 5.400000e-01
4.474050e+00 5.375000e-01
4.477910e+00 5.365000e-01
4.481780e+00 5.351000e-01
4.485660e+00 5.323000e-01
4.489540e+00 5.310000e-01
4.493430e+00 5.297000e-01
4.497330e+00 5.266000e-01
4.501240e+00 5.235000e-01
4.505150e+00 5.218000e-01
4.509060e+00 5.191000e-01
4.512990e+00 5.165000e-01
4.516920e+00 5.155000e-01
4.520860e+00 5.135000e-01
4.524800e+00 5.110000e-01
4.528750e+00 5.099000e-01
4.532710e+00 5.082000e-01
4.536680e+00 5.067000e-01
4.540650e+00 5.069000e-01
4.544630e+00 5.069000e-01
4.548620e+00 5.052000e-01
4.552610e+00 5.040000e-01
4.556610e+00 5.037000e-01
4.560620e+00 5.032000e-01
4.564630e+00 5.034000e-01
4.568650e+00 5.032000e-01
4.572680e+00 5.018000e-01
4.576720e+00 5.006000e-01
4.580760e+00 4.998000e-01
4.584810e+00 4.981000e-01
4.588870e+00 4.955000e-01
4.592930e+00 4.939000e-01
4.597010e+00 4.930000e-01
4.601090e+00 4.911000e-01
4.605170e+00 4.889000e-01
4.609270e+00 4.860000e-01
4.613370e+00 4.836000e-01
4.617470e+00 4.812000e-01
4.621590e+00 4.777000e-01
4.625710e+00 4.752000e-01
4.629840e+00 4.725000e-01
4.633980e+00 4.697000e-01
4.638120e+00 4.705000e-01
4.642280e+00 4.717000e-01
4.646440e+00 4.726000e-01
4.650600e+00 4.744000e-01
4.654780e+00 4.751000e-01
4.658960e+00 4.765000e-01
4.663150e+00 4.797000e-01
4.667350e+00 4.826000e-01
4.671550e+00 4.845000e-01
4.675760e+00 4.863000e-01
4.679980e+00 4.889000e-01
4.684210e+00 4.910000e-01
4.688450e+00 4.923000e-01
4.692690e+00 4.941000e-01
4.696940e+00 4.955000e-01
4.701200e+00 4.970000e-01
4.705470e+00 4.983000e-01
4.709740e+00 4.985000e-01
4.714020e+00 4.979000e-01
4.718310e+00 4.966000e-01
4.722610e+00 4.946000e-01
4.726910e+00 4.938000e-01
4.731230e+00 4.923000e-01
4.735550e+00 4.891000e-01
4.739870e+00 4.853000e-01
4.744210e+00 4.833000e-01
4.748560e+00 4.805000e-01
4.752910e+00 4.767000e-01
4.757270e+00 4.738000e-01
4.761640e+00 4.707000e-01
4.766010e+00 4.671000e-01
4.770400e+00 4.648000e-01
4.774790e+00 4.622000e-01
4.779190e+00 4.582000e-01
4.783600e+00 4.543000e-01
4.788020e+00 4.513000e-01
4.792440e+00 4.496000e-01
4.796880e+00 4.485000e-01
4.801320e+00 4.467000e-01
4.805770e+00 4.452000e-01
4.810230e+00 4.436000e-01
4.814690e+00 4.421000e-01
4.819170e+00 4.421000e-01
4.823650e+00 4.421000e-01
4.828140e+00 4.405000e-01
4.832640e+00 4.399000e-01
4.837150e+00 4.410000e-01
4.841660e+00 4.411000e-01
4.846190e+00 4.405000e-01
4.850720e+00 4.409000e-01
4.855270e+00 4.410000e-01
4.859820e+00 4.406000e-01
4.864370e+00 4.411000e-01
4.868940e+00 4.410000e-01
4.873520e+00 4.411000e-01
4.878100e+00 4.414000e-01
4.882700e+00 4.418000e-01
4.887300e+00 4.435000e-01
4.891910e+00 4.441000e-01
4.896530e+00 4.446000e-01
4.901160e+00 4.454000e-01
4.905790e+00 4.461000e-01
4.910440e+00 4.460000e-01
4.915090e+00 4.438000e-01
4.919760e+00 4.419000e-01
4.924430e+00 4.391000e-01
4.929110e+00 4.344000e-01
4.933800e+00 4.271000e-01
4.938500e+00 4.187000e-01
4.943210e+00 4.108000e-01
4.947920e+00 4.023000e-01
4.952650e+00 3.936000e-01
4.957380e+00 3.861000e-01
4.962130e+00 3.800000e-01
4.966880e+00 3.764000e-01
4.971640e+00 3.743000e-01
4.976410e+00 3.726000e-01
4.981190e+00 3.716000e-01
4.985980e+00 3.728000e-01
4.990780e+00 3.686000e-01
4.995590e+00 3.562000e-01
5.000410e+00 3.303000e-01
5.005230e+00 2.932000e-01
5.010070e+00 2.478000e-01
5.014920e+00 1.927000e-01
5.019770e+00 1.390000e-01
5.024630e+00 9.684000e-02
5.029510e+00 6.535000e-02
5.034390e+00 4.236000e-02
5.039280e+00 2.735000e-02
5.044190e+00 1.749000e-02
5.049100e+00 1.081000e-02
5.054020e+00 6.694000e-03
5.058950e+00 3.758000e-03
5.063890e+00 1.993000e-03
5.068840e+00 9.010000e-04
5.073800e+00 5.910000e-04
5.078770e+00 4.860000e-04
5.083750e+00 3.030000e-04
5.088740e+00 3.000000e-04
5.093740e+00 3.690000e-04
5.098740e+00 3.030000e-04
5.103760e+00 2.050000e-04
5.108790e+00 1.800000e-04
5.113830e+00 9.600000e-05
5.118880e+00 1.080000e-04
5.123940e+00 1.180000e-04
5.129000e+00 1.900000e-04
5.134080e+00 2.740000e-04
5.139170e+00 2.650000e-04
5.144270e+00 3.050000e-04
5.149380e+00 3.150000e-04
5.154500e+00 2.830000e-04
5.159630e+00 3.710000e-04
5.164760e+00 4.580000e-04
5.169910e+00 4.660000e-04
5.175070e+00 4.600000e-04
5.180240e+00 5.000000e-04
5.185420e+00 4.890000e-04
5.190610e+00 4.110000e-04
5.195810e+00 4.210000e-04
5.201030e+00 4.770000e-04
5.206250e+00 4.310000e-04
5.211480e+00 3.840000e-04
5.216720e+00 4.020000e-04
5.221980e+00 3.860000e-04
