# Filter: WISE W3
# Source: svo2.cab.inta-csic.es/theory/fps (WISE/WISE.W3)
# Column 1: wavelength (micron)
# Column 2: relative transmission (raw, unnormalized, as published)
7.200000e+00 2.806200e-05
7.210000e+00 1.720200e-03
7.220000e+00 1.695300e-03
7.230000e+00 2.120200e-03
7.240000e+00 2.230500e-03
7.250000e+00 2.055700e-03
7.260000e+00 2.160100e-03
7.270000e+00 1.917700e-03
7.280000e+00 1.155300e-03
7.290000e+00 1.644500e-03
7.300000e+00 2.688900e-03
7.310000e+00 3.371400e-03
7.320000e+00 3.591800e-03
7.330000e+00 3.521900e-03
7.340000e+00 3.774400e-03
7.350000e+00 3.684000e-03
7.360000e+00 3.335100e-03
7.370000e+00 3.333600e-03
7.380000e+00 3.172800e-03
7.390000e+00 3.379100e-03
7.400000e+00 3.660300e-03
7.410000e+00 4.278900e-03
7.420000e+00 5.430700e-03
7.430000e+00 7.114100e-03
7.440000e+00 9.251600e-03
7.450000e+00 1.171000e-02
7.460000e+00 1.442100e-02
7.470000e+00 1.742900e-02
7.480000e+00 2.123300e-02
7.490000e+00 2.620700e-02
7.500000e+00 3.325700e-02
7.510000e+00 4.313200e-02
7.520000e+00 5.694600e-02
7.530000e+00 7.568200e-02
7.540000e+00 1.001000e-01
7.550000e+00 1.297900e-01
7.560000e+00 1.643200e-01
7.570000e+00 2.000600e-01
7.580000e+00 2.310200e-01
7.590000e+00 2.548200e-01
7.600000e+00 2.689300e-01
7.610000e+00 2.730400e-01
7.620000e+00 2.685000e-01
7.630000e+00 2.588100e-01
7.640000e+00 2.465700e-01
7.650000e+00 2.355500e-01
7.660000e+00 2.257700e-01
7.670000e+00 2.184900e-01
7.680000e+00 2.124500e-01
7.690000e+00 2.089300e-01
7.700000e+00 2.079300e-01
7.710000e+00 2.082000e-01
7.720000e+00 2.084700e-01
7.730000e+00 2.100100e-01
7.740000e+00 2.115600e-01
7.750000e+00 2.118300e-01
7.760000e+00 2.133800e-01
7.770000e+00 2.149400e-01
7.780000e+00 2.177800e-01
7.790000e+00 2.219000e-01
7.800000e+00 2.260400e-01
7.810000e+00 2.301900e-01
7.820000e+00 2.343500e-01
7.830000e+00 2.385200e-01
7.840000e+00 2.426900e-01
7.850000e+00 2.455900e-01
7.860000e+00 2.484900e-01
7.870000e+00 2.501000e-01
7.880000e+00 2.517200e-01
7.890000e+00 2.533300e-01
7.900000e+00 2.562600e-01
7.910000e+00 2.578800e-01
7.920000e+00 2.608200e-01
7.930000e+00 2.663700e-01
7.940000e+00 2.706300e-01
7.950000e+00 2.762100e-01
7.960000e+00 2.831100e-01
7.970000e+00 2.913400e-01
7.980000e+00 2.995900e-01
7.990000e+00 3.065400e-01
8.000000e+00 3.121900e-01
8.010000e+00 3.165400e-01
8.020000e+00 3.209000e-01
8.030000e+00 3.239400e-01
8.040000e+00 3.269900e-01
8.050000e+00 3.287200e-01
8.060000e+00 3.291300e-01
8.070000e+00 3.308700e-01
8.080000e+00 3.312800e-01
8.090000e+00 3.343500e-01
8.100000e+00 3.361000e-01
8.110000e+00 3.365100e-01
8.120000e+00 3.369300e-01
8.130000e+00 3.360100e-01
8.140000e+00 3.337400e-01
8.150000e+00 3.314600e-01
8.160000e+00 3.278400e-01
8.170000e+00 3.242100e-01
8.180000e+00 3.219100e-01
8.190000e+00 3.209500e-01
8.200000e+00 3.186500e-01
8.210000e+00 3.176800e-01
8.220000e+00 3.153600e-01
8.230000e+00 3.143900e-01
8.240000e+00 3.134200e-01
8.250000e+00 3.110800e-01
8.260000e+00 3.073800e-01
8.270000e+00 3.023000e-01
8.280000e+00 2.972100e-01
8.290000e+00 2.921100e-01
8.300000e+00 2.911000e-01
8.310000e+00 2.914500e-01
8.320000e+00 2.918000e-01
8.330000e+00 2.935200e-01
8.340000e+00 2.938700e-01
8.350000e+00 2.928500e-01
8.360000e+00 2.918300e-01
8.370000e+00 2.921800e-01
8.380000e+00 2.939000e-01
8.390000e+00 2.970200e-01
8.400000e+00 3.001400e-01
8.410000e+00 3.018800e-01
8.420000e+00 3.050100e-01
8.430000e+00 3.081500e-01
8.440000e+00 3.113000e-01
8.450000e+00 3.144500e-01
8.460000e+00 3.190000e-01
8.470000e+00 3.235600e-01
8.480000e+00 3.281300e-01
8.490000e+00 3.327100e-01
8.500000e+00 3.373000e-01
8.510000e+00 3.419000e-01
8.520000e+00 3.451100e-01
8.530000e+00 3.483200e-01
8.540000e+00 3.515400e-01
8.550000e+00 3.547700e-01
8.560000e+00 3.580100e-01
8.570000e+00 3.598400e-01
8.580000e+00 3.616700e-01
8.590000e+00 3.620900e-01
8.600000e+00 3.610900e-01
8.610000e+00 3.601000e-01
8.620000e+00 3.591000e-01
8.630000e+00 3.580900e-01
8.640000e+00 3.556600e-01
8.650000e+00 3.546500e-01
8.660000e+00 3.536300e-01
8.670000e+00 3.526100e-01
8.680000e+00 3.515900e-01
8.690000e+00 3.491300e-01
8.700000e+00 3.481000e-01
8.710000e+00 3.456300e-01
8.720000e+00 3.446000e-01
8.730000e+00 3.435500e-01
8.740000e+00 3.396300e-01
8.750000e+00 3.328100e-01
8.760000e+00 3.173300e-01
8.770000e+00 2.902500e-01
8.780000e+00 2.530000e-01
8.790000e+00 2.171000e-01
8.800000e+00 1.970600e-01
8.810000e+00 2.030900e-01
8.820000e+00 2.280100e-01
8.830000e+00 2.617100e-01
8.840000e+00 2.911200e-01
8.850000e+00 3.118500e-01
8.860000e+00 3.238700e-01
8.870000e+00 3.315400e-01
8.880000e+00 3.363000e-01
8.890000e+00 3.410700e-01
8.900000e+00 3.458500e-01
8.910000e+00 3.506400e-01
8.920000e+00 3.539700e-01
8.930000e+00 3.573100e-01
8.940000e+00 3.591800e-01
8.950000e+00 3.595800e-01
8.960000e+00 3.614600e-01
8.970000e+00 3.633400e-01
8.980000e+00 3.637400e-01
8.990000e+00 3.656300e-01
9.000000e+00 3.660300e-01
9.010000e+00 3.649600e-01
9.020000e+00 3.638800e-01
9.030000e+00 3.627900e-01
9.040000e+00 3.617100e-01
9.050000e+00 3.606200e-01
9.060000e+00 3.610200e-01
9.070000e+00 3.629100e-01
9.080000e+00 3.633100e-01
9.090000e+00 3.652000e-01
9.100000e+00 3.671000e-01
9.110000e+00 3.705100e-01
9.120000e+00 3.709100e-01
9.130000e+00 3.728200e-01
9.140000e+00 3.732300e-01
9.150000e+00 3.721300e-01
9.160000e+00 3.710300e-01
9.170000e+00 3.684200e-01
9.180000e+00 3.673100e-01
9.190000e+00 3.646800e-01
9.200000e+00 3.635600e-01
9.210000e+00 3.639600e-01
9.220000e+00 3.628400e-01
9.230000e+00 3.632300e-01
9.240000e+00 3.621000e-01
9.250000e+00 3.624900e-01
9.260000e+00 3.598400e-01
9.270000e+00 3.602300e-01
9.280000e+00 3.590900e-01
9.290000e+00 3.594700e-01
9.300000e+00 3.613900e-01
9.310000e+00 3.617800e-01
9.320000e+00 3.637000e-01
9.330000e+00 3.640900e-01
9.340000e+00 3.644800e-01
9.350000e+00 3.664100e-01
9.360000e+00 3.668000e-01
9.370000e+00 3.656500e-01
9.380000e+00 3.660400e-01
9.390000e+00 3.664300e-01
9.400000e+00 3.683700e-01
9.410000e+00 3.687600e-01
9.420000e+00 3.707100e-01
9.430000e+00 3.711000e-01
9.440000e+00 3.730500e-01
9.450000e+00 3.750000e-01
9.460000e+00 3.769500e-01
9.470000e+00 3.789100e-01
9.480000e+00 3.824300e-01
9.490000e+00 3.859600e-01
9.500000e+00 3.895000e-01
9.510000e+00 3.930400e-01
9.520000e+00 3.950200e-01
9.530000e+00 3.954400e-01
9.540000e+00 3.958500e-01
9.550000e+00 3.946900e-01
9.560000e+00 3.919600e-01
9.570000e+00 3.907900e-01
9.580000e+00 3.880500e-01
9.590000e+00 3.852900e-01
9.600000e+00 3.825300e-01
9.610000e+00 3.797700e-01
9.620000e+00 3.785800e-01
9.630000e+00 3.773900e-01
9.640000e+00 3.777800e-01
9.650000e+00 3.797600e-01
9.660000e+00 3.817400e-01
9.670000e+00 3.853200e-01
9.680000e+00 3.873100e-01
9.690000e+00 3.909100e-01
9.700000e+00 3.929100e-01
9.710000e+00 3.933100e-01
9.720000e+00 3.937200e-01
9.730000e+00 3.941200e-01
9.740000e+00 3.929200e-01
9.750000e+00 3.917200e-01
9.760000e+00 3.921200e-01
9.770000e+00 3.925200e-01
9.780000e+00 3.929300e-01
9.790000e+00 3.949400e-01
9.800000e+00 3.969600e-01
9.810000e+00 3.989800e-01
9.820000e+00 4.010000e-01
9.830000e+00 4.030300e-01
9.840000e+00 4.050600e-01
9.850000e+00 4.070900e-01
9.860000e+00 4.091300e-01
9.870000e+00 4.111700e-01
9.880000e+00 4.132100e-01
9.890000e+00 4.152600e-01
9.900000e+00 4.189400e-01
9.910000e+00 4.226300e-01
9.920000e+00 4.279500e-01
9.930000e+00 4.316500e-01
9.940000e+00 4.370000e-01
9.950000e+00 4.407100e-01
9.960000e+00 4.444400e-01
9.970000e+00 4.481700e-01
9.980000e+00 4.502600e-01
9.990000e+00 4.540000e-01
1.000000e+01 4.561000e-01
1.001000e+01 4.598500e-01
1.002000e+01 4.652600e-01
1.003000e+01 4.690300e-01
1.004000e+01 4.744600e-01
1.005000e+01 4.815500e-01
1.006000e+01 4.886600e-01
1.007000e+01 4.957700e-01
1.008000e+01 5.012400e-01
1.009000e+01 5.083900e-01
1.010000e+01 5.155400e-01
1.011000e+01 5.210500e-01
1.012000e+01 5.265600e-01
1.013000e+01 5.320900e-01
1.014000e+01 5.359500e-01
1.015000e+01 5.398200e-01
1.016000e+01 5.437000e-01
1.017000e+01 5.475800e-01
1.018000e+01 5.481200e-01
1.019000e+01 5.486600e-01
1.020000e+01 5.475200e-01
1.021000e+01 5.446900e-01
1.022000e+01 5.418600e-01
1.023000e+01 5.390200e-01
1.024000e+01 5.361800e-01
1.025000e+01 5.350100e-01
1.026000e+01 5.321600e-01
1.027000e+01 5.276000e-01
1.028000e+01 5.247300e-01
1.029000e+01 5.201600e-01
1.030000e+01 5.172700e-01
1.031000e+01 5.126800e-01
1.032000e+01 5.114800e-01
1.033000e+01 5.102700e-01
1.034000e+01 5.090700e-01
1.035000e+01 5.095600e-01
1.036000e+01 5.100500e-01
1.037000e+01 5.105400e-01
1.038000e+01 5.110400e-01
1.039000e+01 5.098200e-01
1.040000e+01 5.086000e-01
1.041000e+01 5.073700e-01
1.042000e+01 5.061400e-01
1.043000e+01 5.049100e-01
1.044000e+01 5.019600e-01
1.045000e+01 5.024400e-01
1.046000e+01 5.012000e-01
1.047000e+01 5.016700e-01
1.048000e+01 5.021500e-01
1.049000e+01 5.043600e-01
1.050000e+01 5.065700e-01
1.051000e+01 5.087800e-01
1.052000e+01 5.110000e-01
1.053000e+01 5.114800e-01
1.054000e+01 5.137100e-01
1.055000e+01 5.159300e-01
1.056000e+01 5.181600e-01
1.057000e+01 5.203900e-01
1.058000e+01 5.243700e-01
1.059000e+01 5.266100e-01
1.060000e+01 5.305900e-01
1.061000e+01 5.328400e-01
1.062000e+01 5.350900e-01
1.063000e+01 5.373500e-01
1.064000e+01 5.396000e-01
1.065000e+01 5.418600e-01
1.066000e+01 5.441300e-01
1.067000e+01 5.464000e-01
1.068000e+01 5.504200e-01
1.069000e+01 5.527000e-01
1.070000e+01 5.532200e-01
1.071000e+01 5.555000e-01
1.072000e+01 5.560200e-01
1.073000e+01 5.547700e-01
1.074000e+01 5.535200e-01
1.075000e+01 5.522600e-01
1.076000e+01 5.510000e-01
1.077000e+01 5.497400e-01
1.078000e+01 5.484800e-01
1.079000e+01 5.472100e-01
1.080000e+01 5.477200e-01
1.081000e+01 5.482300e-01
1.082000e+01 5.505100e-01
1.083000e+01 5.528100e-01
1.084000e+01 5.551000e-01
1.085000e+01 5.574000e-01
1.086000e+01 5.597000e-01
1.087000e+01 5.602200e-01
1.088000e+01 5.589400e-01
1.089000e+01 5.576600e-01
1.090000e+01 5.563800e-01
1.091000e+01 5.533000e-01
1.092000e+01 5.502100e-01
1.093000e+01 5.489100e-01
1.094000e+01 5.458100e-01
1.095000e+01 5.427000e-01
1.096000e+01 5.414000e-01
1.097000e+01 5.400800e-01
1.098000e+01 5.387700e-01
1.099000e+01 5.392600e-01
1.100000e+01 5.397500e-01
1.101000e+01 5.402400e-01
1.102000e+01 5.425400e-01
1.103000e+01 5.448500e-01
1.104000e+01 5.471600e-01
1.105000e+01 5.476600e-01
1.106000e+01 5.481600e-01
1.107000e+01 5.468300e-01
1.108000e+01 5.455000e-01
1.109000e+01 5.459900e-01
1.110000e+01 5.446600e-01
1.111000e+01 5.451500e-01
1.112000e+01 5.438100e-01
1.113000e+01 5.442900e-01
1.114000e+01 5.447800e-01
1.115000e+01 5.434400e-01
1.116000e+01 5.439200e-01
1.117000e+01 5.407300e-01
1.118000e+01 5.393800e-01
1.119000e+01 5.361700e-01
1.120000e+01 5.329600e-01
1.121000e+01 5.297500e-01
1.122000e+01 5.265300e-01
1.123000e+01 5.233000e-01
1.124000e+01 5.219100e-01
1.125000e+01 5.205200e-01
1.126000e+01 5.191300e-01
1.127000e+01 5.195900e-01
1.128000e+01 5.219100e-01
1.129000e+01 5.223800e-01
1.130000e+01 5.247000e-01
1.131000e+01 5.270300e-01
1.132000e+01 5.312200e-01
1.133000e+01 5.335500e-01
1.134000e+01 5.358900e-01
1.135000e+01 5.382300e-01
1.136000e+01 5.405800e-01
1.137000e+01 5.410500e-01
1.138000e+01 5.434000e-01
1.139000e+01 5.438800e-01
1.140000e+01 5.462400e-01
1.141000e+01 5.467200e-01
1.142000e+01 5.490700e-01
1.143000e+01 5.514400e-01
1.144000e+01 5.538000e-01
1.145000e+01 5.561700e-01
1.146000e+01 5.585500e-01
1.147000e+01 5.628100e-01
1.148000e+01 5.651900e-01
1.149000e+01 5.694700e-01
1.150000e+01 5.718600e-01
1.151000e+01 5.761400e-01
1.152000e+01 5.804400e-01
1.153000e+01 5.847400e-01
1.154000e+01 5.890500e-01
1.155000e+01 5.933600e-01
1.156000e+01 5.976800e-01
1.157000e+01 6.001000e-01
1.158000e+01 6.025300e-01
1.159000e+01 6.049600e-01
1.160000e+01 6.054800e-01
1.161000e+01 6.079100e-01
1.162000e+01 6.084400e-01
1.163000e+01 6.108800e-01
1.164000e+01 6.114000e-01
1.165000e+01 6.138400e-01
1.166000e+01 6.143700e-01
1.167000e+01 6.168200e-01
1.168000e+01 6.173500e-01
1.169000e+01 6.178800e-01
1.170000e+01 6.184100e-01
1.171000e+01 6.170100e-01
1.172000e+01 6.156000e-01
1.173000e+01 6.122700e-01
1.174000e+01 6.089200e-01
1.175000e+01 6.075100e-01
1.176000e+01 6.041500e-01
1.177000e+01 6.007900e-01
1.178000e+01 5.993600e-01
1.179000e+01 5.979300e-01
1.180000e+01 5.964900e-01
1.181000e+01 5.970000e-01
1.182000e+01 5.955500e-01
1.183000e+01 5.960600e-01
1.184000e+01 5.965600e-01
1.185000e+01 5.951100e-01
1.186000e+01 5.936600e-01
1.187000e+01 5.922100e-01
1.188000e+01 5.907500e-01
1.189000e+01 5.892900e-01
1.190000e+01 5.858700e-01
1.191000e+01 5.844000e-01
1.192000e+01 5.829300e-01
1.193000e+01 5.814500e-01
1.194000e+01 5.799700e-01
1.195000e+01 5.804600e-01
1.196000e+01 5.789800e-01
1.197000e+01 5.794600e-01
1.198000e+01 5.799400e-01
1.199000e+01 5.784500e-01
1.200000e+01 5.789400e-01
1.201000e+01 5.774400e-01
1.202000e+01 5.759400e-01
1.203000e+01 5.744400e-01
1.204000e+01 5.729400e-01
1.205000e+01 5.714300e-01
1.206000e+01 5.679300e-01
1.207000e+01 5.664100e-01
1.208000e+01 5.629100e-01
1.209000e+01 5.633700e-01
1.210000e+01 5.618500e-01
1.211000e+01 5.623100e-01
1.212000e+01 5.627700e-01
1.213000e+01 5.652400e-01
1.214000e+01 5.677000e-01
1.215000e+01 5.701700e-01
1.216000e+01 5.726400e-01
1.217000e+01 5.751200e-01
1.218000e+01 5.775900e-01
1.219000e+01 5.800700e-01
1.220000e+01 5.845700e-01
1.221000e+01 5.850500e-01
1.222000e+01 5.875400e-01
1.223000e+01 5.900300e-01
1.224000e+01 5.905200e-01
1.225000e+01 5.930200e-01
1.226000e+01 5.935000e-01
1.227000e+01 5.939800e-01
1.228000e+01 5.964900e-01
1.229000e+01 5.969800e-01
1.230000e+01 5.994900e-01
1.231000e+01 6.020000e-01
1.232000e+01 6.065500e-01
1.233000e+01 6.111000e-01
1.234000e+01 6.156600e-01
1.235000e+01 6.202200e-01
1.236000e+01 6.248000e-01
1.237000e+01 6.293800e-01
1.238000e+01 6.339600e-01
1.239000e+01 6.405900e-01
1.240000e+01 6.452000e-01
1.241000e+01 6.518500e-01
1.242000e+01 6.585100e-01
1.243000e+01 6.631300e-01
1.244000e+01 6.698100e-01
1.245000e+01 6.744500e-01
1.246000e+01 6.811400e-01
1.247000e+01 6.858000e-01
1.248000e+01 6.904600e-01
1.249000e+01 6.930700e-01
1.250000e+01 6.956800e-01
1.251000e+01 6.983000e-01
1.252000e+01 7.009200e-01
1.253000e+01 6.994100e-01
1.254000e+01 6.999700e-01
1.255000e+01 6.984600e-01
1.256000e+01 6.969500e-01
1.257000e+01 6.954400e-01
1.258000e+01 6.939200e-01
1.259000e+01 6.924000e-01
1.260000e+01 6.929500e-01
1.261000e+01 6.935000e-01
1.262000e+01 6.940500e-01
1.263000e+01 6.966800e-01
1.264000e+01 6.993100e-01
1.265000e+01 7.019400e-01
1.266000e+01 7.045800e-01
1.267000e+01 7.049300e-01
1.268000e+01 7.075800e-01
1.269000e+01 7.081300e-01
1.270000e+01 7.086900e-01
1.271000e+01 7.092500e-01
1.272000e+01 7.098100e-01
1.273000e+01 7.105800e-01
1.274000e+01 7.111300e-01
1.275000e+01 7.116900e-01
1.276000e+01 7.143500e-01
1.277000e+01 7.149100e-01
1.278000e+01 7.175800e-01
1.279000e+01 7.202400e-01
1.280000e+01 7.229100e-01
1.281000e+01 7.255900e-01
1.282000e+01 7.303800e-01
1.283000e+01 7.351700e-01
1.284000e+01 7.399700e-01
1.285000e+01 7.447800e-01
1.286000e+01 7.517100e-01
1.287000e+01 7.565400e-01
1.288000e+01 7.613600e-01
1.289000e+01 7.683200e-01
1.290000e+01 7.710400e-01
1.291000e+01 7.758900e-01
1.292000e+01 7.786200e-01
1.293000e+01 7.813500e-01
1.294000e+01 7.819600e-01
1.295000e+01 7.846900e-01
1.296000e+01 7.853000e-01
1.297000e+01 7.837700e-01
1.298000e+01 7.843700e-01
1.299000e+01 7.849800e-01
1.300000e+01 7.855800e-01
1.301000e+01 7.861900e-01
1.302000e+01 7.867900e-01
1.303000e+01 7.895400e-01
1.304000e+01 7.922900e-01
1.305000e+01 7.950500e-01
1.306000e+01 7.978100e-01
1.307000e+01 8.027300e-01
1.308000e+01 8.098000e-01
1.309000e+01 8.147300e-01
1.310000e+01 8.218200e-01
1.311000e+01 8.289300e-01
1.312000e+01 8.360400e-01
1.313000e+01 8.431600e-01
1.314000e+01 8.481300e-01
1.315000e+01 8.552700e-01
1.316000e+01 8.624300e-01
1.317000e+01 8.674200e-01
1.318000e+01 8.724200e-01
1.319000e+01 8.774200e-01
1.320000e+01 8.824300e-01
1.321000e+01 8.874500e-01
1.322000e+01 8.903000e-01
1.323000e+01 8.931500e-01
1.324000e+01 8.960100e-01
1.325000e+01 8.988700e-01
1.326000e+01 9.017300e-01
1.327000e+01 9.045900e-01
1.328000e+01 9.052800e-01
1.329000e+01 9.059600e-01
1.330000e+01 9.066400e-01
1.331000e+01 9.073200e-01
1.332000e+01 9.058100e-01
1.333000e+01 9.042900e-01
1.334000e+01 9.005800e-01
1.335000e+01 8.990600e-01
1.336000e+01 8.975300e-01
1.337000e+01 8.938000e-01
1.338000e+01 8.922600e-01
1.339000e+01 8.907300e-01
1.340000e+01 8.891900e-01
1.341000e+01 8.898500e-01
1.342000e+01 8.905100e-01
1.343000e+01 8.911800e-01
1.344000e+01 8.918400e-01
1.345000e+01 8.947200e-01
1.346000e+01 8.953800e-01
1.347000e+01 8.982700e-01
1.348000e+01 8.989300e-01
1.349000e+01 9.018200e-01
1.350000e+01 9.024900e-01
1.351000e+01 9.031600e-01
1.352000e+01 9.038300e-01
1.353000e+01 9.045000e-01
1.354000e+01 9.051600e-01
1.355000e+01 9.058300e-01
1.356000e+01 9.065000e-01
1.357000e+01 9.094000e-01
1.358000e+01 9.100700e-01
1.359000e+01 9.129800e-01
1.360000e+01 9.136500e-01
1.361000e+01 9.165700e-01
1.362000e+01 9.172400e-01
1.363000e+01 9.201600e-01
1.364000e+01 9.208300e-01
1.365000e+01 9.215100e-01
1.366000e+01 9.199300e-01
1.367000e+01 9.206100e-01
1.368000e+01 9.190300e-01
1.369000e+01 9.174500e-01
1.370000e+01 9.158600e-01
1.371000e+01 9.142700e-01
1.372000e+01 9.126800e-01
1.373000e+01 9.110800e-01
1.374000e+01 9.094800e-01
1.375000e+01 9.078800e-01
1.376000e+01 9.085400e-01
1.377000e+01 9.092000e-01
1.378000e+01 9.098600e-01
1.379000e+01 9.105200e-01
1.380000e+01 9.134600e-01
1.381000e+01 9.141200e-01
1.382000e+01 9.170600e-01
1.383000e+01 9.200000e-01
1.384000e+01 9.206600e-01
1.385000e+01 9.213300e-01
1.386000e+01 9.242700e-01
1.387000e+01 9.249400e-01
1.388000e+01 9.256100e-01
1.389000e+01 9.262700e-01
1.390000e+01 9.269400e-01
1.391000e+01 9.299000e-01
1.392000e+01 9.305700e-01
1.393000e+01 9.312400e-01
1.394000e+01 9.342000e-01
1.395000e+01 9.371700e-01
1.396000e+01 9.401400e-01
1.397000e+01 9.431100e-01
1.398000e+01 9.460900e-01
1.399000e+01 9.490700e-01
1.400000e+01 9.543600e-01
1.401000e+01 9.573500e-01
1.402000e+01 9.603400e-01
1.403000e+01 9.633300e-01
1.404000e+01 9.663300e-01
1.405000e+01 9.670200e-01
1.406000e+01 9.700200e-01
1.407000e+01 9.707100e-01
1.408000e+01 9.690800e-01
1.409000e+01 9.697700e-01
1.410000e+01 9.681400e-01
1.411000e+01 9.688300e-01
1.412000e+01 9.671900e-01
1.413000e+01 9.655500e-01
1.414000e+01 9.662300e-01
1.415000e+01 9.669100e-01
1.416000e+01 9.652600e-01
1.417000e+01 9.682800e-01
1.418000e+01 9.689600e-01
1.419000e+01 9.719800e-01
1.420000e+01 9.726700e-01
1.421000e+01 9.756900e-01
1.422000e+01 9.787200e-01
1.423000e+01 9.794100e-01
1.424000e+01 9.824400e-01
1.425000e+01 9.831300e-01
1.426000e+01 9.838200e-01
1.427000e+01 9.821600e-01
1.428000e+01 9.805000e-01
1.429000e+01 9.811800e-01
1.430000e+01 9.795200e-01
1.431000e+01 9.778500e-01
1.432000e+01 9.785300e-01
1.433000e+01 9.768500e-01
1.434000e+01 9.775300e-01
1.435000e+01 9.782200e-01
1.436000e+01 9.812600e-01
1.437000e+01 9.819500e-01
1.438000e+01 9.850000e-01
1.439000e+01 9.880500e-01
1.440000e+01 9.911100e-01
1.441000e+01 9.918000e-01
1.442000e+01 9.948600e-01
1.443000e+01 9.979300e-01
1.444000e+01 9.986200e-01
1.445000e+01 9.993100e-01
1.446000e+01 1.000000e+00
1.447000e+01 9.983100e-01
1.448000e+01 9.966100e-01
1.449000e+01 9.949200e-01
1.450000e+01 9.932200e-01
1.451000e+01 9.915100e-01
1.452000e+01 9.898000e-01
1.453000e+01 9.880900e-01
1.454000e+01 9.863800e-01
1.455000e+01 9.846600e-01
1.456000e+01 9.829400e-01
1.457000e+01 9.812200e-01
1.458000e+01 9.794900e-01
1.459000e+01 9.777600e-01
1.460000e+01 9.760300e-01
1.461000e+01 9.742900e-01
1.462000e+01 9.725500e-01
1.463000e+01 9.708000e-01
1.464000e+01 9.690600e-01
1.465000e+01 9.673100e-01
1.466000e+01 9.655500e-01
1.467000e+01 9.638000e-01
1.468000e+01 9.620400e-01
1.469000e+01 9.626900e-01
1.470000e+01 9.609300e-01
1.471000e+01 9.615800e-01
1.472000e+01 9.598100e-01
1.473000e+01 9.604600e-01
1.474000e+01 9.586900e-01
1.475000e+01 9.593400e-01
1.476000e+01 9.599900e-01
1.477000e+01 9.582100e-01
1.478000e+01 9.564200e-01
1.479000e+01 9.546300e-01
1.480000e+01 9.528400e-01
1.481000e+01 9.534900e-01
1.482000e+01 9.492500e-01
1.483000e+01 9.474500e-01
1.484000e+01 9.456400e-01
1.485000e+01 9.438400e-01
1.486000e+01 9.420200e-01
1.487000e+01 9.402100e-01
1.488000e+01 9.383900e-01
1.489000e+01 9.365700e-01
1.490000e+01 9.347500e-01
1.491000e+01 9.329200e-01
1.492000e+01 9.310900e-01
1.493000e+01 9.267900e-01
1.494000e+01 9.249600e-01
1.495000e+01 9.231100e-01
1.496000e+01 9.188000e-01
1.497000e+01 9.169500e-01
1.498000e+01 9.151000e-01
1.499000e+01 9.107700e-01
1.500000e+01 9.089100e-01
1.501000e+01 9.070500e-01
1.502000e+01 9.051800e-01
1.503000e+01 9.033000e-01
1.504000e+01 9.014300e-01
1.505000e+01 8.995500e-01
1.506000e+01 8.976700e-01
1.507000e+01 8.957800e-01
1.508000e+01 8.938900e-01
1.509000e+01 8.920000e-01
1.510000e+01 8.876200e-01
1.511000e+01 8.857200e-01
1.512000e+01 8.838200e-01
1.513000e+01 8.794200e-01
1.514000e+01 8.750100e-01
1.515000e+01 8.706000e-01
1.516000e+01 8.661900e-01
1.517000e+01 8.592600e-01
1.518000e+01 8.523300e-01
1.519000e+01 8.453900e-01
1.520000e+01 8.384400e-01
1.521000e+01 8.314800e-01
1.522000e+01 8.220000e-01
1.523000e+01 8.150200e-01
1.524000e+01 8.055100e-01
1.525000e+01 7.985100e-01
1.526000e+01 7.914900e-01
1.527000e+01 7.819600e-01
1.528000e+01 7.749200e-01
1.529000e+01 7.678700e-01
1.530000e+01 7.608200e-01
1.531000e+01 7.537500e-01
1.532000e+01 7.492000e-01
1.533000e+01 7.421200e-01
1.534000e+01 7.350200e-01
1.535000e+01 7.279200e-01
1.536000e+01 7.208100e-01
1.537000e+01 7.136800e-01
1.538000e+01 7.068000e-01
1.539000e+01 6.996600e-01
1.540000e+01 6.925100e-01
1.541000e+01 6.853500e-01
1.542000e+01 6.781700e-01
1.543000e+01 6.732800e-01
1.544000e+01 6.660900e-01
1.545000e+01 6.614300e-01
1.546000e+01 6.593100e-01
1.547000e+01 6.546500e-01
1.548000e+01 6.525200e-01
1.549000e+01 6.503900e-01
1.550000e+01 6.482600e-01
1.551000e+01 6.486800e-01
1.552000e+01 6.490900e-01
1.553000e+01 6.469600e-01
1.554000e+01 6.473700e-01
1.555000e+01 6.477900e-01
1.556000e+01 6.482100e-01
1.557000e+01 6.486200e-01
1.558000e+01 6.516000e-01
1.559000e+01 6.520200e-01
1.560000e+01 6.524400e-01
1.561000e+01 6.528600e-01
1.562000e+01 6.558500e-01
1.563000e+01 6.562700e-01
1.564000e+01 6.592600e-01
1.565000e+01 6.596900e-01
1.566000e+01 6.626900e-01
1.567000e+01 6.631100e-01
1.568000e+01 6.661100e-01
1.569000e+01 6.665400e-01
1.570000e+01 6.669600e-01
1.571000e+01 6.699700e-01
1.572000e+01 6.704000e-01
1.573000e+01 6.708300e-01
1.574000e+01 6.712500e-01
1.575000e+01 6.690900e-01
1.576000e+01 6.695100e-01
1.577000e+01 6.699400e-01
1.578000e+01 6.677600e-01
1.579000e+01 6.681900e-01
1.580000e+01 6.660100e-01
1.581000e+01 6.638300e-01
1.582000e+01 6.642500e-01
1.583000e+01 6.620600e-01
1.584000e+01 6.598700e-01
1.585000e+01 6.576800e-01
1.586000e+01 6.528700e-01
1.587000e+01 6.506700e-01
1.588000e+01 6.484600e-01
1.589000e+01 6.436400e-01
1.590000e+01 6.414200e-01
1.591000e+01 6.365900e-01
1.592000e+01 6.317500e-01
1.593000e+01 6.295200e-01
1.594000e+01 6.246700e-01
1.595000e+01 6.198100e-01
1.596000e+01 6.175700e-01
1.597000e+01 6.126900e-01
1.598000e+01 6.104500e-01
1.599000e+01 6.082000e-01
1.600000e+01 6.059400e-01
1.601000e+01 6.036800e-01
1.602000e+01 6.014200e-01
1.603000e+01 5.991600e-01
1.604000e+01 5.995300e-01
1.605000e+01 5.972600e-01
1.606000e+01 5.976400e-01
1.607000e+01 5.980100e-01
1.608000e+01 5.983800e-01
1.609000e+01 5.987500e-01
1.610000e+01 5.964700e-01
1.611000e+01 5.968400e-01
1.612000e+01 5.972100e-01
1.613000e+01 5.949300e-01
1.614000e+01 5.953000e-01
1.615000e+01 5.956700e-01
1.616000e+01 5.933700e-01
1.617000e+01 5.910800e-01
1.618000e+01 5.914400e-01
1.619000e+01 5.891400e-01
1.620000e+01 5.868400e-01
1.621000e+01 5.845300e-01
1.622000e+01 5.822200e-01
1.623000e+01 5.799100e-01
1.624000e+01 5.749200e-01
1.625000e+01 5.726000e-01
1.626000e+01 5.676000e-01
1.627000e+01 5.625900e-01
1.628000e+01 5.575700e-01
1.629000e+01 5.525500e-01
1.630000e+01 5.448400e-01
1.631000e+01 5.371100e-01
1.632000e+01 5.296500e-01
1.633000e+01 5.219100e-01
1.634000e+01 5.141600e-01
1.635000e+01 5.037000e-01
1.636000e+01 4.932400e-01
1.637000e+01 4.827500e-01
1.638000e+01 4.722600e-01
1.639000e+01 4.617500e-01
1.640000e+01 4.512300e-01
1.641000e+01 4.380000e-01
1.642000e+01 4.274500e-01
1.643000e+01 4.141900e-01
1.644000e+01 4.036100e-01
1.645000e+01 3.903100e-01
1.646000e+01 3.770000e-01
1.647000e+01 3.663800e-01
1.648000e+01 3.530300e-01
1.649000e+01 3.396700e-01
1.650000e+01 3.290100e-01
1.651000e+01 3.156200e-01
1.652000e+01 3.049300e-01
1.653000e+01 2.915000e-01
1.654000e+01 2.807900e-01
1.655000e+01 2.677700e-01
1.656000e+01 2.561800e-01
1.657000e+01 2.448700e-01
1.658000e+01 2.340700e-01
1.659000e+01 2.230100e-01
1.660000e+01 2.127600e-01
1.661000e+01 2.028000e-01
1.662000e+01 1.930700e-01
1.663000e+01 1.836000e-01
1.664000e+01 1.744200e-01
1.665000e+01 1.660300e-01
1.666000e+01 1.576200e-01
1.667000e+01 1.494800e-01
1.668000e+01 1.421300e-01
1.669000e+01 1.350700e-01
1.670000e+01 1.282500e-01
1.671000e+01 1.219700e-01
1.672000e+01 1.157100e-01
1.673000e+01 1.099700e-01
1.674000e+01 1.048000e-01
1.675000e+01 9.934400e-02
1.676000e+01 9.471200e-02
1.677000e+01 9.035000e-02
1.678000e+01 8.598300e-02
1.679000e+01 8.216400e-02
1.680000e+01 7.836800e-02
1.681000e+01 7.478900e-02
1.682000e+01 7.151000e-02
1.683000e+01 6.822700e-02
1.684000e+01 6.549400e-02
1.685000e+01 6.273100e-02
1.686000e+01 5.999200e-02
1.687000e+01 5.752800e-02
1.688000e+01 5.503300e-02
1.689000e+01 5.284000e-02
1.690000e+01 5.089600e-02
1.691000e+01 4.869900e-02
1.692000e+01 4.702800e-02
1.693000e+01 4.510400e-02
1.694000e+01 4.345700e-02
1.695000e+01 4.208800e-02
1.696000e+01 4.043700e-02
1.697000e+01 3.906400e-02
1.698000e+01 3.768900e-02
1.699000e+01 3.659200e-02
1.700000e+01 3.549400e-02
1.701000e+01 3.439400e-02
1.702000e+01 3.329300e-02
1.703000e+01 3.219100e-02
1.704000e+01 3.134000e-02
1.705000e+01 3.026400e-02
1.706000e+01 2.941100e-02
1.707000e+01 2.858500e-02
1.708000e+01 2.767600e-02
1.709000e+01 2.680900e-02
1.710000e+01 2.596000e-02
1.711000e+01 2.508500e-02
1.712000e+01 2.418900e-02
1.713000e+01 2.330900e-02
1.714000e+01 2.240600e-02
1.715000e+01 2.145000e-02
1.716000e+01 2.051600e-02
1.717000e+01 1.952200e-02
1.718000e+01 1.849800e-02
1.719000e+01 1.746700e-02
1.720000e+01 1.644000e-02
1.721000e+01 1.538200e-02
1.722000e+01 1.432400e-02
1.723000e+01 1.326000e-02
1.724000e+01 1.222300e-02
1.725000e+01 1.115400e-02
1.726000e+01 1.013700e-02
1.727000e+01 9.116700e-03
1.728000e+01 8.092000e-03
1.729000e+01 7.103100e-03
1.730000e+01 6.195700e-03
1.731000e+01 5.264400e-03
1.732000e+01 4.429000e-03
1.733000e+01 3.566900e-03
1.734000e+01 2.787800e-03
1.735000e+01 1.886400e-03
1.736000e+01 2.001800e-03
1.737000e+01 1.265300e-03
1.738000e+01 6.593500e-03
1.739000e+01 7.069700e-03
1.740000e+01 7.122500e-03
1.741000e+01 6.722400e-03
1.742000e+01 5.819900e-03
1.743000e+01 4.563300e-03
1.744000e+01 3.041100e-03
1.745000e+01 1.256500e-03
1.746000e+01 3.265900e-03
1.747000e+01 6.739800e-04
1.748000e+01 1.851000e-03
1.749000e+01 2.535100e-03
1.750000e+01 2.910300e-03
1.751000e+01 3.935500e-03
1.752000e+01 3.831000e-03
1.753000e+01 3.169300e-03
1.754000e+01 2.659400e-03
1.755000e+01 2.222500e-03
1.756000e+01 1.826200e-03
1.757000e+01 1.455500e-03
1.758000e+01 1.051600e-03
1.759000e+01 1.214700e-03
1.760000e+01 1.099800e-03
1.761000e+01 1.002700e-03
1.762000e+01 9.199900e-04
1.763000e+01 8.523000e-04
1.764000e+01 7.691300e-04
1.765000e+01 6.347200e-04
1.766000e+01 5.949500e-04
1.767000e+01 5.440800e-04
1.768000e+01 4.934400e-04
1.769000e+01 4.444900e-04
1.770000e+01 3.984000e-04
1.771000e+01 3.467200e-04
1.772000e+01 3.238700e-04
1.773000e+01 3.021600e-04
1.774000e+01 2.841000e-04
1.775000e+01 2.682400e-04
1.776000e+01 2.534800e-04
1.777000e+01 2.374700e-04
1.778000e+01 2.238500e-04
1.779000e+01 2.116700e-04
1.780000e+01 2.009400e-04
1.781000e+01 1.918200e-04
1.782000e+01 1.831200e-04
1.783000e+01 1.753300e-04
1.784000e+01 1.682300e-04
1.785000e+01 1.619200e-04
1.786000e+01 1.558900e-04
1.787000e+01 1.505400e-04
1.788000e+01 1.450800e-04
1.789000e+01 1.424800e-04
1.790000e+01 1.397900e-04
1.791000e+01 1.373700e-04
1.792000e+01 1.348800e-04
1.793000e+01 1.326800e-04
1.794000e+01 1.304200e-04
1.795000e+01 1.281600e-04
1.796000e+01 1.440200e-04
1.797000e+01 1.488000e-04
1.798000e+01 1.500100e-04
1.799000e+01 1.493800e-04
1.800000e+01 1.485200e-04
1.801000e+01 1.468500e-04
1.802000e+01 1.461900e-04
1.803000e+01 1.429500e-04
1.804000e+01 1.368800e-04
1.805000e+01 1.187300e-04
1.806000e+01 1.194200e-04
1.807000e+01 1.199400e-04
1.808000e+01 1.201800e-04
1.809000e+01 1.208100e-04
1.810000e+01 1.211200e-04
1.811000e+01 1.218100e-04
1.812000e+01 1.221800e-04
1.813000e+01 1.226900e-04
1.814000e+01 1.228500e-04
1.815000e+01 1.228300e-04
1.816000e+01 1.230800e-04
1.817000e+01 1.232900e-04
1.818000e+01 1.233000e-04
1.819000e+01 1.416400e-04
1.820000e+01 1.485500e-04
1.821000e+01 1.514500e-04
1.822000e+01 1.517400e-04
1.823000e+01 1.507200e-04
1.824000e+01 1.490300e-04
1.825000e+01 1.457700e-04
1.826000e+01 1.414600e-04
1.827000e+01 1.354300e-04
1.828000e+01 1.288300e-04
1.829000e+01 1.189600e-04
1.830000e+01 1.177600e-04
1.831000e+01 1.162500e-04
1.832000e+01 1.144500e-04
1.833000e+01 1.129700e-04
1.834000e+01 1.114900e-04
1.835000e+01 1.100400e-04
1.836000e+01 1.085600e-04
1.837000e+01 1.071100e-04
1.838000e+01 1.056500e-04
1.839000e+01 1.039200e-04
1.840000e+01 1.016500e-04
1.841000e+01 9.936800e-05
